desc: I1 cache:         32768 B, 64 B, 8-way associative
desc: D1 cache:         32768 B, 64 B, 8-way associative
desc: LL cache:         3145728 B, 64 B, 12-way associative
cmd: ./vm a.out
events: Ir I1mr ILmr Dr D1mr DLmr Dw D1mw DLmw Bc Bcm Bi Bim
fl=/home/matt/Varsity/Treatise/Work/Virtual Machines/Normal/../Common/utility.c
fn=file_to_memory
45 4 1 1 0 0 0 2 0 0 0 0 0 0
46 5 1 1 1 0 0 2 0 0 0 0 0 0
47 2 0 0 1 0 0 0 0 0 1 1 0 0
50 5 0 0 1 0 0 1 0 0 0 0 0 0
51 4 0 0 1 0 0 2 0 0 0 0 0 0
52 5 1 1 1 0 0 1 0 0 0 0 0 0
54 6 0 0 1 0 0 2 0 0 0 0 0 0
56 12 1 1 4 0 0 1 0 0 1 1 0 0
62 3 0 0 1 0 0 1 0 0 0 0 0 0
63 5 0 0 2 0 0 1 0 0 0 0 0 0
64 1 0 0 1 0 0 0 0 0 0 0 0 0
65 2 1 1 2 1 0 0 0 0 0 0 0 0
fn=main
7 5 1 1 0 0 0 3 0 0 0 0 0 0
8 7 0 0 3 0 0 1 0 0 0 0 0 0
fl=/home/matt/Varsity/Treatise/Work/Virtual Machines/Normal//code.asm
fn=???
2 19054418560 0 0 0 0 0 0 0 0 0 0 0 0
3 19054418560 0 0 0 0 0 0 0 0 0 0 0 0
4 19054418560 0 0 19054418560 0 0 0 0 0 0 0 0 0
5 19054418560 0 0 0 0 0 0 0 0 0 0 0 0
6 19054418560 0 0 0 0 0 0 0 0 0 0 0 0
7 19054418560 0 0 0 0 0 0 0 0 0 0 0 0
8 19054418560 0 0 19054418560 0 0 0 0 0 0 0 0 0
10 19054418560 0 0 0 0 0 0 0 0 0 0 0 0
12 19054418560 0 0 0 0 0 19054418560 0 0 0 0 0 0
13 76217674240 0 0 38108837120 0 0 0 0 0 0 0 19054418560 12788279040
15 6400288721 1 1 0 0 0 0 0 0 0 0 0 0
16 6400288721 0 0 0 0 0 0 0 0 0 0 0 0
17 6400288721 0 0 6400288721 0 0 0 0 0 0 0 0 0
19 6400288721 0 0 6400288721 0 0 0 0 0 0 0 0 0
20 6400288721 0 0 6400288721 0 0 0 0 0 0 0 0 0
21 6400288721 0 0 0 0 0 0 0 0 0 0 0 0
22 6400288721 0 0 0 0 0 0 0 0 0 0 0 0
24 6400288721 0 0 0 0 0 6400288721 0 0 0 0 0 0
25 25601154884 1 1 12800577442 1 1 0 0 0 0 0 6400288721 544016004
27 6522155520 0 0 0 0 0 0 0 0 0 0 0 0
28 6522155520 0 0 0 0 0 0 0 0 0 0 0 0
29 6522155520 0 0 6522155520 0 0 0 0 0 0 0 0 0
30 6522155520 0 0 0 0 0 0 0 0 0 0 0 0
31 6522155520 0 0 0 0 0 0 0 0 0 0 0 0
32 6522155520 0 0 0 0 0 0 0 0 0 0 0 0
33 6522155520 0 0 6522155520 0 0 0 0 0 0 0 0 0
35 6522155520 0 0 0 0 0 0 0 0 0 0 0 0
37 6522155520 0 0 0 0 0 6522155520 0 0 0 0 0 0
38 26088622080 0 0 13044311040 0 0 0 0 0 0 0 6522155520 512000000
52 38108869123 1 1 0 0 0 0 0 0 0 0 0 0
53 38108869123 1 1 0 0 0 0 0 0 0 0 0 0
54 38108869123 0 0 38108869123 0 0 0 0 0 0 0 0 0
55 38108869123 0 0 0 0 0 0 0 0 0 0 0 0
56 38108869123 0 0 0 0 0 0 0 0 0 0 0 0
57 38108869123 0 0 0 0 0 0 0 0 0 0 0 0
58 38108869123 0 0 38108869123 0 0 0 0 0 0 0 0 0
60 38108869123 0 0 0 0 0 0 0 0 0 0 0 0
62 38108869123 0 0 0 0 0 38108869123 0 0 0 0 0 0
63 152435476492 0 0 76217738246 0 0 0 0 0 0 0 38108869123 31842729603
77 12788295040 1 1 0 0 0 0 0 0 0 0 0 0
78 12788295040 0 0 0 0 0 0 0 0 0 0 0 0
79 12788295040 1 1 12788295040 0 0 0 0 0 0 0 0 0
80 12788295040 0 0 0 0 0 0 0 0 0 0 0 0
81 12788295040 0 0 0 0 0 0 0 0 0 0 0 0
82 12788295040 0 0 0 0 0 0 0 0 0 0 0 0
83 12788295040 0 0 12788295040 0 0 0 0 0 0 0 0 0
85 12788295040 0 0 0 0 0 0 0 0 0 0 0 0
86 12788295040 0 0 0 0 0 0 0 0 0 0 0 0
87 12788295040 0 0 0 0 0 0 0 0 0 0 0 0
88 12788295040 0 0 0 0 0 12788295040 0 0 0 0 0 0
89 12788295040 0 0 0 0 0 12788295040 0 0 0 0 0 0
90 12788295040 0 0 0 0 0 0 0 0 0 0 0 0
92 51153180160 0 0 25576590080 0 0 0 0 0 0 0 12788295040 32000
94 256000001 1 1 0 0 0 0 0 0 0 0 0 0
95 256000001 0 0 0 0 0 0 0 0 0 0 0 0
97 256000001 0 0 256000001 0 0 0 0 0 0 0 0 0
98 256000001 0 0 256000001 0 0 0 0 0 0 0 0 0
99 256000001 0 0 0 0 0 0 0 0 0 0 0 0
100 256000001 0 0 256000001 0 0 0 0 0 0 0 0 0
101 256000001 0 0 0 0 0 0 0 0 0 0 0 0
102 256000001 0 0 0 0 0 0 0 0 0 0 0 0
103 256000001 0 0 0 0 0 256000001 0 0 0 0 0 0
104 256000001 0 0 0 0 0 256000001 1 0 0 0 0 0
105 256000001 0 0 0 0 0 0 0 0 0 0 0 0
107 1024000004 1 1 512000002 0 0 0 0 0 0 0 256000001 2
137 256016000 1 1 0 0 0 0 0 0 0 0 0 0
138 256016000 0 0 0 0 0 0 0 0 0 0 0 0
139 256016000 0 0 256016000 0 0 0 0 0 0 0 0 0
141 256016000 0 0 256016000 0 0 0 0 0 0 0 0 0
142 256016000 0 0 256016000 0 0 0 0 0 0 0 0 0
143 256016000 0 0 0 0 0 0 0 0 0 0 0 0
144 256016000 0 0 0 0 0 0 0 0 0 0 0 0
146 256016000 0 0 0 0 0 256016000 0 0 0 0 0 0
147 1024064000 0 0 512032000 0 0 0 0 0 0 0 256016000 1
162 153866816 1 1 0 0 0 0 0 0 0 0 0 0
163 153866816 0 0 0 0 0 0 0 0 0 0 0 0
164 153866816 1 1 153866816 0 0 0 0 0 0 0 0 0
166 153866816 0 0 153866816 0 0 0 0 0 0 0 0 0
167 153866816 0 0 153866816 0 0 0 0 0 0 0 0 0
168 153866816 0 0 0 0 0 0 0 0 0 0 0 0
169 153866816 0 0 0 0 0 0 0 0 0 0 0 0
171 153866816 0 0 0 0 0 153866816 0 0 0 0 0 0
172 615467264 0 0 307733632 0 0 0 0 0 0 0 153866816 1
174 32000000 0 0 0 0 0 0 0 0 0 0 0 0
175 32000000 0 0 0 0 0 0 0 0 0 0 0 0
176 32000000 0 0 32000000 0 0 0 0 0 0 0 0 0
177 32000000 1 1 0 0 0 0 0 0 0 0 0 0
178 32000000 0 0 0 0 0 0 0 0 0 0 0 0
179 32000000 0 0 0 0 0 0 0 0 0 0 0 0
180 32000000 0 0 32000000 0 0 0 0 0 0 0 0 0
182 32000000 0 0 0 0 0 0 0 0 0 0 0 0
184 32000000 0 0 0 0 0 32000000 0 0 0 0 0 0
185 128000000 0 0 64000000 0 0 0 0 0 0 0 32000000 1
200 256000000 1 1 0 0 0 0 0 0 0 0 0 0
201 256000000 0 0 0 0 0 0 0 0 0 0 0 0
202 256000000 0 0 256000000 0 0 0 0 0 0 0 0 0
204 256000000 0 0 256000000 0 0 0 0 0 0 0 0 0
205 256000000 0 0 0 0 0 0 0 0 0 0 0 0
206 256000000 0 0 0 0 0 0 0 0 0 0 0 0
208 256000000 1 1 0 0 0 256000000 0 0 0 0 0 0
209 1024000000 0 0 512000000 0 0 0 0 0 0 0 256000000 1
295 38108853121 1 1 0 0 0 0 0 0 0 0 0 0
296 38108853121 0 0 0 0 0 0 0 0 0 0 0 0
297 38108853121 0 0 0 0 0 0 0 0 0 0 0 0
298 38108853121 0 0 0 0 0 0 0 0 0 0 0 0
299 38108853121 0 0 0 0 0 0 0 0 0 0 0 0
300 38108853121 0 0 38108853121 0 0 0 0 0 0 0 0 0
301 38108853121 0 0 0 0 0 38108853121 0 0 0 0 0 0
302 152435412484 0 0 76217706242 0 0 0 0 0 0 0 38108853121 25576558081
313 7098187542 1 1 0 0 0 0 0 0 0 0 0 0
314 7098187542 0 0 0 0 0 0 0 0 0 0 0 0
316 7098187542 1 1 7098187542 0 0 0 0 0 0 0 0 0
317 7098187542 0 0 7098187542 0 0 0 0 0 0 0 0 0
318 7098187542 0 0 0 0 0 0 0 0 0 0 0 0
319 7098187542 0 0 0 0 0 7098187542 1 1 0 0 0 0
320 28392750168 0 0 14196375084 1 1 0 0 0 0 0 7098187542 864032008
327 26338488897 1 1 0 0 0 0 0 0 0 0 0 0
328 26338488897 0 0 0 0 0 0 0 0 0 0 0 0
329 26338488897 0 0 26338488897 0 0 0 0 0 0 0 0 0
330 26338488897 0 0 26338488897 0 0 0 0 0 0 0 0 0
331 26338488897 0 0 0 0 0 26338488897 0 0 0 0 0 0
332 105353955588 0 0 52676977794 1 1 0 0 0 0 0 26338488897 20072349377
334 32000001 0 0 0 0 0 0 0 0 0 0 0 0
335 32000001 0 0 0 0 0 0 0 0 0 0 0 0
336 32000001 0 0 32000001 0 0 0 0 0 0 0 0 0
337 32000001 0 0 32000001 0 0 0 0 0 0 0 0 0
338 32000001 0 0 0 0 0 32000001 0 0 0 0 0 0
339 128000004 0 0 64000002 1 1 0 0 0 0 0 32000001 1
341 13550193862 1 1 0 0 0 0 0 0 0 0 0 0
342 13550193862 0 0 0 0 0 0 0 0 0 0 0 0
343 13550193862 0 0 13550193862 0 0 0 0 0 0 0 0 0
344 13550193862 0 0 13550193862 0 0 0 0 0 0 0 0 0
345 13550193862 0 0 0 0 0 13550193862 0 0 0 0 0 0
346 54200775448 0 0 27100387724 3 2 0 0 0 0 0 13550193862 13550177862
348 1 0 0 0 0 0 0 0 0 0 0 0 0
349 1 0 0 0 0 0 0 0 0 0 0 0 0
350 1 1 1 1 0 0 0 0 0 0 0 0 0
351 1 0 0 1 0 0 0 0 0 0 0 0 0
352 1 0 0 0 0 0 1 0 0 0 0 0 0
353 4 0 0 2 0 0 0 0 0 0 0 1 1
469 32000015 1 1 0 0 0 0 0 0 0 0 0 0
470 32000015 0 0 0 0 0 0 0 0 0 0 0 0
471 32000015 1 1 32000015 0 0 0 0 0 0 0 0 0
472 32000015 0 0 0 0 0 0 0 0 0 0 0 0
473 32000015 0 0 0 0 0 0 0 0 0 0 0 0
474 32000015 0 0 0 0 0 0 0 0 0 0 0 0
475 32000015 0 0 32000015 0 0 0 0 0 0 0 0 0
476 32000015 0 0 0 0 0 0 0 0 0 0 0 0
477 32000015 0 0 0 0 0 0 0 0 0 0 0 0
478 32000015 0 0 0 0 0 0 0 0 0 0 0 0
479 32000015 0 0 32000015 0 0 0 0 0 0 0 0 0
480 32000015 0 0 0 0 0 32000015 500000 500000 0 0 0 0
481 128000060 0 0 64000030 0 0 0 0 0 0 0 32000015 1
483 409882816 1 1 409882816 0 0 0 0 0 0 0 0 0
484 409882816 0 0 0 0 0 0 0 0 0 0 0 0
485 1639531264 0 0 819765632 0 0 0 0 0 0 0 409882816 1
508 6522171521 1 1 0 0 0 0 0 0 0 0 0 0
509 6522171521 0 0 0 0 0 0 0 0 0 0 0 0
510 6522171521 0 0 6522171521 0 0 0 0 0 0 0 0 0
511 6522171521 0 0 0 0 0 0 0 0 0 0 0 0
512 6522171521 1 1 0 0 0 0 0 0 0 0 0 0
513 6522171521 0 0 0 0 0 0 0 0 0 0 0 0
514 6522171521 0 0 6522171521 0 0 0 0 0 0 0 0 0
515 6522171521 0 0 0 0 0 0 0 0 0 0 0 0
516 6522171521 0 0 0 0 0 0 0 0 6522171521 90762943 0 0
517 6368304705 0 0 0 0 0 0 0 0 6368304705 16001 0 0
519 6368288704 0 0 6368288704 0 0 0 0 0 0 0 0 0
520 6368288704 0 0 0 0 0 0 0 0 0 0 0 0
522 16001 0 0 16001 0 0 0 0 0 0 0 0 0
523 16001 0 0 0 0 0 0 0 0 0 0 0 0
525 153866816 0 0 153866816 0 0 0 0 0 0 0 0 0
527 6522171521 0 0 0 0 0 0 0 0 0 0 0 0
528 26088686084 0 0 13044343042 0 0 0 0 0 0 0 6522171521 665866817
530 6368288704 0 0 0 0 0 0 0 0 0 0 0 0
531 6368288704 1 1 0 0 0 0 0 0 0 0 0 0
532 6368288704 0 0 6368288704 0 0 0 0 0 0 0 0 0
534 6368288704 0 0 6368288704 0 0 0 0 0 0 0 0 0
535 6368288704 0 0 6368288704 0 0 0 0 0 0 0 0 0
536 6368288704 0 0 0 0 0 0 0 0 0 0 0 0
537 6368288704 0 0 0 0 0 0 0 0 6368288704 134133204 0 0
538 134149184 0 0 0 0 0 0 0 0 134149184 10 0 0
543 134149184 0 0 134149184 0 0 0 0 0 0 0 0 0
544 134149184 0 0 0 0 0 0 0 0 0 0 0 0
546 6234139520 0 0 6234139520 0 0 0 0 0 0 0 0 0
548 6368288704 0 0 0 0 0 0 0 0 0 0 0 0
549 25473154816 1 1 12736577408 0 0 0 0 0 0 0 6368288704 614149184
651 1 1 1 0 0 0 0 0 0 0 0 0 0
652 1 0 0 0 0 0 0 0 0 0 0 0 0
654 1 0 0 1 1 1 0 0 0 0 0 0 0
655 1 0 0 1 0 0 0 0 0 0 0 0 0
656 1 0 0 1 0 0 0 0 0 0 0 0 0
657 1 0 0 1 0 0 0 0 0 0 0 0 0
658 1 0 0 0 0 0 1 0 0 0 0 0 0
659 1 1 1 0 0 0 1 0 0 0 0 0 0
660 1 0 0 0 0 0 1 0 0 0 0 0 0
661 1 0 0 0 0 0 1 0 0 0 0 0 0
662 1 0 0 1 0 0 0 0 0 0 0 0 0
663 1 0 0 1 0 0 0 0 0 0 0 0 0
665 1 0 0 0 0 0 1 0 0 0 0 0 0
666 1 0 0 0 0 0 1 0 0 0 0 0 0
667 1 0 0 1 0 0 0 0 0 0 0 0 0
669 1 0 0 0 0 0 0 0 0 0 0 0 0
670 1 0 0 0 0 0 0 0 0 1 1 0 0
723 1 1 1 0 0 0 0 0 0 0 0 0 0
724 1 0 0 0 0 0 0 0 0 0 0 0 0
725 1 0 0 0 0 0 0 0 0 0 0 0 0
726 1 0 0 0 0 0 0 0 0 0 0 0 0
727 1 0 0 0 0 0 0 0 0 0 0 0 0
728 1 0 0 1 0 0 0 0 0 0 0 0 0
730 1 1 1 0 0 0 0 0 0 0 0 0 0
731 1 0 0 0 0 0 0 0 0 0 0 0 0
732 1 0 0 0 0 0 1 0 0 0 0 0 0
733 1 0 0 0 0 0 1 0 0 0 0 0 0
734 1 0 0 0 0 0 1 0 0 0 0 0 0
735 1 0 0 0 0 0 1 0 0 0 0 0 0
736 1 0 0 1 0 0 0 0 0 0 0 0 0
737 1 0 0 1 0 0 0 0 0 0 0 0 0
738 1 0 0 1 0 0 0 0 0 0 0 0 0
739 1 0 0 0 0 0 1 0 0 0 0 0 0
740 1 0 0 0 0 0 0 0 0 0 0 0 0
741 1 0 0 0 0 0 1 0 0 0 0 0 0
742 1 0 0 0 0 0 0 0 0 0 0 0 0
743 4 0 0 2 0 0 0 0 0 0 0 1 1
784 1 1 1 0 0 0 1 1 1 0 0 0 0
785 1 0 0 0 0 0 0 0 0 0 0 0 0
786 1 0 0 1 0 0 0 0 0 0 0 0 0
787 1 0 0 0 0 0 0 0 0 0 0 0 0
788 1 0 0 1 1 1 0 0 0 0 0 0 0
789 1 0 0 0 0 0 0 0 0 0 0 0 0
790 1 0 0 0 0 0 0 0 0 0 0 0 0
791 1 0 0 0 0 0 1 1 1 0 0 0 0
792 1 0 0 1 0 0 0 0 0 0 0 0 0
793 1 0 0 0 0 0 0 0 0 0 0 0 0
794 4 0 0 2 1 1 0 0 0 0 0 1 1
fl=/home/matt/Varsity/Treatise/Work/Virtual Machines/Normal//vm.asm
fn=???
28 1 1 1 0 0 0 0 0 0 0 0 0 0
29 1 0 0 0 0 0 1 0 0 0 0 0 0
31 1 0 0 0 0 0 0 0 0 0 0 0 0
32 1 0 0 0 0 0 0 0 0 1 0 0 0
35 1 0 0 0 0 0 0 0 0 0 0 0 0
38 1 0 0 1 0 0 0 0 0 0 0 0 0
40 1 1 1 0 0 0 0 0 0 0 0 0 0
41 1 0 0 0 0 0 0 0 0 0 0 0 0
42 1 0 0 0 0 0 0 0 0 0 0 0 0
43 1 0 0 0 0 0 0 0 0 0 0 0 0
44 1 0 0 0 0 0 0 0 0 0 0 0 0
46 1 0 0 0 0 0 0 0 0 0 0 0 0
47 1 0 0 0 0 0 0 0 0 0 0 0 0
48 1 0 0 0 0 0 0 0 0 0 0 0 0
49 1 0 0 0 0 0 1 0 0 0 0 0 0
50 1 0 0 0 0 0 1 0 0 0 0 0 0
51 1 0 0 0 0 0 1 0 0 0 0 0 0
52 1 0 0 0 0 0 0 0 0 0 0 0 0
53 1 0 0 1 0 0 0 0 0 0 0 0 0
54 1 0 0 0 0 0 0 0 0 0 0 0 0
55 1 0 0 0 0 0 0 0 0 0 0 0 0
56 1 0 0 0 0 0 1 0 0 0 0 0 0
57 1 0 0 0 0 0 0 0 0 0 0 0 0
58 1 0 0 0 0 0 0 0 0 0 0 0 0
59 1 0 0 0 0 0 0 0 0 0 0 0 0
60 1 1 1 0 0 0 1 0 0 0 0 0 0
64 1 0 0 0 0 0 0 0 0 0 0 0 0
66 4 0 0 2 1 1 0 0 0 0 0 1 1
78 1 0 0 0 0 0 0 0 0 0 0 0 0
79 1 0 0 0 0 0 1 0 0 0 0 0 0
fl=???
fn=(below main)
0 58 4 4 17 2 0 16 0 0 7 0 2 2
fn=???
0 214 25 22 111 9 4 36 1 1 11 4 75 23
fn=_Exit
0 8 2 2 1 1 1 0 0 0 0 0 0 0
fn=_IO_cleanup
0 50 3 3 14 1 1 8 0 0 10 5 0 0
fn=_IO_default_finish
0 19 3 3 7 0 0 2 0 0 4 3 0 0
fn=_IO_doallocbuf
0 18 2 2 8 0 0 4 0 0 3 2 1 1
fn=_IO_file_close
0 2 1 1 1 0 0 0 0 0 0 0 0 0
fn=_IO_file_close_it@@GLIBC_2.2.5
0 48 4 4 10 0 0 16 0 0 4 2 1 1
fn=_IO_file_doallocate
0 42 3 3 9 1 0 6 0 0 5 0 1 1
fn=_IO_file_finish@@GLIBC_2.2.5
0 8 2 2 2 0 0 1 0 0 1 1 0 0
fn=_IO_file_fopen@@GLIBC_2.2.5
0 76 9 9 13 1 1 11 0 0 15 5 0 0
fn=_IO_file_init@@GLIBC_2.2.5
0 13 2 2 4 0 0 5 0 0 0 0 0 0
fn=_IO_file_read
0 4 1 1 2 0 0 0 0 0 1 1 0 0
fn=_IO_file_seek
0 4 1 1 2 0 0 0 0 0 0 0 0 0
fn=_IO_file_seekoff@@GLIBC_2.2.5
0 213 16 16 61 0 0 39 0 0 36 13 4 4
fn=_IO_file_stat
0 8 1 1 2 0 0 0 0 0 0 0 0 0
fn=_IO_file_xsgetn
0 33 4 4 10 0 0 6 0 0 3 1 0 0
fn=_IO_flush_all_lockp
0 90 8 8 25 11 11 12 0 0 22 14 0 0
fn=_IO_link_in
0 85 9 9 30 3 2 16 0 0 18 10 0 0
fn=_IO_no_init
0 33 3 3 5 0 0 20 2 2 1 0 0 0
fn=_IO_old_init
0 25 3 3 2 0 0 19 2 2 1 0 0 0
fn=_IO_seekoff_unlocked
0 47 2 2 11 1 0 3 0 0 10 3 3 1
fn=_IO_setb
0 55 1 1 14 0 0 13 0 0 3 2 0 0
fn=_IO_sgetn
0 3 1 1 2 0 0 0 0 0 0 0 1 1
fn=_IO_un_link
0 91 11 11 32 0 0 15 0 0 20 11 0 0
fn=_IO_unsave_markers
0 7 2 2 3 0 0 0 0 0 2 2 0 0
fn=__GI_memcpy
0 311 6 6 96 12 11 95 11 11 34 14 0 0
fn=__GI_strstr
0 24 6 6 9 1 1 6 0 0 2 2 0 0
fn=__call_tls_dtors
0 12 3 3 5 1 1 4 0 0 1 1 0 0
fn=__close_nocancel
0 5 1 1 1 0 0 0 0 0 1 0 0 0
fn=__ctype_init
0 16 2 2 10 1 0 3 0 0 0 0 0 0
fn=__cxa_atexit
0 22 2 2 5 0 0 8 0 0 1 0 0 0
fn=__cxa_finalize
0 46 4 4 12 2 2 6 0 0 7 1 0 0
fn=__default_morecore
0 14 1 1 2 0 0 2 0 0 0 0 0 0
fn=__fopen_internal
0 39 3 3 4 0 0 10 1 1 2 0 0 0
fn=__fopen_maybe_mmap
0 4 1 1 2 1 0 0 0 0 1 1 0 0
fn=__init_cpu_features
0 79 9 9 9 2 2 13 0 0 13 5 1 1
fn=__init_misc
0 24 2 2 7 0 0 5 1 0 2 0 0 0
fn=__libc_csu_init
0 34 2 2 8 1 0 8 0 0 2 0 1 1
fn=__libc_memalign
0 535 4 4 104 0 0 102 1 1 60 20 0 0
fn=__linkin_atfork
0 9 2 2 4 2 0 1 0 0 2 1 0 0
fn=__lseek_nocancel
0 10 0 0 2 0 0 0 0 0 2 0 0 0
fn=__new_exitfn
0 38 6 6 11 5 3 5 0 0 7 6 0 0
fn=__open_nocancel
0 5 1 1 1 0 0 0 0 0 1 0 0 0
fn=__read_nocancel
0 5 0 0 1 0 0 0 0 0 1 1 0 0
fn=__run_exit_handlers
0 56 5 5 9 3 3 10 0 0 9 2 2 2
fn=__sigjmp_save
0 9 0 0 2 0 0 2 0 0 1 1 0 0
fn=__sigsetjmp
0 79 4 4 19 0 0 32 1 1 0 0 0 0
fn=__tls_get_addr
0 11 2 2 7 3 3 0 0 0 2 0 0 0
fn=__unregister_atfork
0 13 2 2 5 1 1 1 0 0 3 2 0 0
fn=__write_nocancel
0 5 0 0 1 0 0 0 0 0 1 0 0 0
fn=_dl_add_to_namespace_list
0 103 2 2 29 0 0 23 0 0 8 5 6 2
fn=_dl_add_to_slotinfo
0 24 2 2 9 3 0 6 0 0 1 0 0 0
fn=_dl_addr
0 56044 10 10 13650 1011 858 17 3 0 12809 1988 2 2
fn=_dl_allocate_tls_init
0 78 6 6 25 2 0 13 0 0 8 2 0 0
fn=_dl_allocate_tls_storage
0 323 3 3 7 0 0 296 37 37 290 10 0 0
fn=_dl_cache_libcmp
0 735 4 4 112 10 10 0 0 0 203 35 0 0
fn=_dl_catch_error
0 120 4 4 33 0 0 60 6 6 3 0 6 3
fn=_dl_check_all_versions
0 75 2 2 13 0 0 8 0 0 9 3 0 0
fn=_dl_check_map_versions
0 1233 13 13 403 6 6 167 13 13 146 53 0 0
fn=_dl_count_modids
0 4 1 1 3 0 0 0 0 0 1 0 0 0
fn=_dl_debug_initialize
0 41 3 3 13 2 1 4 0 0 12 11 0 0
fn=_dl_debug_state
0 2 0 0 2 0 0 0 0 0 0 0 0 0
fn=_dl_determine_tlsoffset
0 56 5 5 11 0 0 8 0 0 4 1 0 0
fn=_dl_discover_osversion
0 80 5 5 14 1 1 7 1 1 14 8 0 0
fn=_dl_find_dso_for_object
0 30 3 3 12 0 0 0 0 0 11 5 0 0
fn=_dl_fini
0 257 10 10 88 19 19 36 3 3 48 10 6 6
fn=_dl_fixup
0 883 6 6 348 54 33 110 1 1 99 12 0 0
fn=_dl_important_hwcaps
0 259 18 18 51 0 0 44 2 2 31 14 0 0
fn=_dl_init
0 86 5 5 24 1 0 12 0 0 12 5 0 0
fn=_dl_init_paths
0 91 10 10 14 0 0 33 2 2 7 3 0 0
fn=_dl_initial_error_catch_tsd
0 8 0 0 4 0 0 0 0 0 0 0 0 0
fn=_dl_load_cache_lookup
0 323 15 15 58 9 9 32 0 0 56 9 0 0
fn=_dl_lookup_symbol_x
0 19713 10 10 4263 107 95 2473 14 5 2321 161 0 0
fn=_dl_map_object
0 415 26 26 86 0 0 67 5 5 68 22 0 0
fn=_dl_map_object_deps
0 1082 37 37 224 1 1 124 1 1 233 50 0 0
fn=_dl_map_object_from_fd
0 1729 49 49 363 16 16 199 24 24 336 94 0 0
fn=_dl_name_match_p
0 1535 3 3 397 4 1 228 1 0 229 37 0 0
fn=_dl_new_object
0 605 15 15 106 4 4 115 25 25 90 43 0 0
fn=_dl_next_ld_env_entry
0 343 2 2 118 26 26 1 0 0 114 21 0 0
fn=_dl_next_tls_modid
0 6 1 1 3 0 0 1 0 0 1 0 0 0
fn=_dl_receive_error
0 28 2 2 10 0 0 12 0 0 0 0 2 2
fn=_dl_relocate_object
0 18882 51 51 5173 672 616 2418 253 241 2789 144 111 13
fn=_dl_runtime_resolve
0 319 4 4 99 0 0 88 2 2 0 0 11 11
fn=_dl_setup_hash
0 88 2 2 28 5 5 24 0 0 4 0 0 0
fn=_dl_sort_fini
0 170 6 6 51 1 1 20 0 0 27 8 0 0
fn=_dl_start
0 620 16 16 128 25 23 55 16 16 110 30 7 1
fn=_dl_sysdep_read_whole_file
0 41 3 3 6 1 1 9 0 0 3 1 0 0
fn=_dl_sysdep_start
0 483 16 15 128 19 17 41 5 5 105 23 18 14
fn=_dl_sysdep_start_cleanup
0 1 1 0 1 0 0 0 0 0 0 0 0 0
fn=_dl_unload_cache
0 10 2 1 3 1 0 2 0 0 1 1 0 0
fn=_dl_vdso_vsym
0 24 2 2 12 1 0 0 0 0 4 4 0 0
fn=_fxstat
0 50 2 2 5 0 0 0 0 0 10 0 0 0
fn=_init
0 60 5 5 14 2 0 18 4 3 4 2 0 0
fn=_int_malloc
0 848 51 51 133 6 3 136 4 4 117 56 2 2
fn=_setjmp
0 2 1 1 0 0 0 0 0 0 0 0 0 0
fn=_start
0 11 1 1 1 0 0 3 0 0 0 0 0 0
fn=access
0 9 1 1 1 0 0 1 0 0 1 1 0 0
fn=bcmp
0 1041 12 12 244 11 11 76 3 3 182 59 0 0
fn=brk
0 47 3 3 7 0 0 4 1 1 8 0 0 0
fn=call_init.part.0
0 155 4 4 58 4 0 28 0 0 17 3 4 4
fn=calloc
0 64 1 1 0 0 0 0 0 0 8 8 0 0
fn=check_match.isra.0
0 5440 7 7 1904 48 25 613 7 3 809 28 0 0
fn=close
0 15 1 1 3 0 0 0 0 0 3 0 0 0
fn=dl_main
0 1056 73 73 213 25 18 140 17 17 213 82 1 1
fn=do_lookup_x
0 27044 17 17 9444 222 163 4190 12 6 3916 293 0 0
fn=do_preload
0 28 3 3 7 0 0 8 0 0 1 1 0 0
fn=exit
0 4 1 1 0 0 0 1 0 0 0 0 0 0
fn=fclose@@GLIBC_2.2.5
0 65 8 8 26 2 0 9 0 0 15 8 1 1
fn=fopen@@GLIBC_2.2.5
0 2 1 1 0 0 0 0 0 0 0 0 0 0
fn=fread
0 52 6 6 18 0 0 7 0 0 10 5 0 0
fn=free
0 211 15 15 58 10 10 26 0 0 55 24 0 0
fn=fseek
0 78 4 4 30 0 0 8 0 0 16 10 0 0
fn=ftell
0 41 6 6 15 0 0 4 0 0 10 7 0 0
fn=gettimeofday
0 14 1 1 1 0 0 5 0 0 0 0 0 0
fn=handle_intel.isra.0
0 94 5 5 14 0 0 26 0 0 6 2 0 0
fn=index
0 163 5 5 21 2 2 0 0 0 12 4 0 0
fn=init_cacheinfo
0 147 8 8 6 0 0 12 1 1 24 8 0 0
fn=init_tls
0 65 4 4 14 0 0 13 1 1 12 6 0 0
fn=intel_check_word
0 904 10 10 82 6 6 16 0 0 236 57 0 0
fn=lseek
0 4 1 1 2 0 0 0 0 0 2 0 0 0
fn=malloc
0 165 4 4 38 2 0 11 0 0 22 14 1 1
fn=malloc_consolidate
0 651 4 4 3 0 0 257 32 32 129 10 0 0
fn=malloc_hook_ini
0 38 4 4 12 3 1 5 0 0 8 6 0 0
fn=map_doit
0 14 1 1 5 0 0 3 0 0 0 0 0 0
fn=match_symbol
0 356 5 5 140 14 14 36 0 0 92 12 0 0
fn=memcpy
0 379 6 6 58 0 0 45 8 8 100 55 0 0
fn=memcpy@GLIBC_2.2.5
0 17 2 2 4 0 0 0 0 0 3 0 0 0
fn=mempcpy
0 143 5 5 21 1 1 16 3 3 38 20 0 0
fn=memset
0 2510 1 1 11 0 0 2444 39 39 2455 55 0 0
fn=mmap
0 66 3 3 11 0 0 0 0 0 11 0 0 0
fn=mprotect
0 30 1 1 6 0 0 0 0 0 6 0 0 0
fn=munmap
0 10 0 0 2 0 0 0 0 0 2 0 0 0
fn=open
0 17 2 2 4 0 0 0 0 0 4 0 0 0
fn=open_verify
0 409 12 12 88 6 6 42 1 1 71 22 0 0
fn=openaux
0 34 2 2 16 0 0 6 0 0 0 0 0 0
fn=ptmalloc_init.part.8
0 385 7 7 126 41 1 15 4 2 117 21 0 0
fn=read
0 12 2 2 3 0 0 0 0 0 3 0 0 0
fn=rindex
0 24 2 2 2 1 0 0 0 0 3 0 0 0
fn=rtld_lock_default_lock_recursive
0 10 1 1 10 2 1 0 0 0 0 0 0 0
fn=rtld_lock_default_unlock_recursive
0 10 0 0 10 1 0 0 0 0 0 0 0 0
fn=sbrk
0 69 4 4 20 2 0 11 2 1 13 4 0 0
fn=strcasecmp
0 7 2 2 3 1 1 1 0 0 2 1 0 0
fn=strcmp
0 11929 1 1 3580 41 24 0 0 0 3218 249 0 0
fn=strdup
0 34 1 1 4 0 0 8 0 0 2 0 0 0
fn=strlen
0 591 4 4 68 0 0 0 0 0 145 38 0 0
fn=strncasecmp
0 6 2 2 3 0 0 0 0 0 2 2 0 0
fn=strsep
0 800 2 2 250 0 0 1 0 0 248 15 0 0
fn=time
0 14 2 2 1 0 0 5 0 0 0 0 0 0
fn=uname
0 5 1 1 1 0 0 0 0 0 1 0 0 0
fn=version_check_doit
0 10 1 1 4 0 0 2 0 0 1 1 0 0
fn=write
0 2 1 1 1 1 1 0 0 0 1 0 0 0
summary: 2180167937481 949 943 716990133312 2532 2088 182031943865 500577 500536 19392947041 224916299 182287976534 107030190090
