desc: I1 cache:         32768 B, 64 B, 8-way associative
desc: D1 cache:         32768 B, 64 B, 8-way associative
desc: LL cache:         3145728 B, 64 B, 12-way associative
cmd: ./vm a.out
events: Ir I1mr ILmr Dr D1mr DLmr Dw D1mw DLmw Bc Bcm Bi Bim
fl=/home/matt/Varsity/Treatise/Work/Virtual Machines/Normal/../Common/utility.c
fn=file_to_memory
45 4 1 1 0 0 0 2 0 0 0 0 0 0
46 5 1 1 1 0 0 2 0 0 0 0 0 0
47 2 0 0 1 0 0 0 0 0 1 1 0 0
50 5 0 0 1 0 0 1 0 0 0 0 0 0
51 4 0 0 1 0 0 2 0 0 0 0 0 0
52 5 1 1 1 0 0 1 0 0 0 0 0 0
54 6 0 0 1 0 0 2 0 0 0 0 0 0
56 12 1 1 4 0 0 1 0 0 1 1 0 0
62 3 0 0 1 0 0 1 0 0 0 0 0 0
63 5 0 0 2 0 0 1 0 0 0 0 0 0
64 1 0 0 1 0 0 0 0 0 0 0 0 0
65 2 1 1 2 1 0 0 0 0 0 0 0 0
fn=main
7 5 1 1 0 0 0 3 0 0 0 0 0 0
8 7 0 0 3 0 0 1 0 0 0 0 0 0
fn=print_int
19 8 1 1 0 0 0 4 0 0 0 0 0 0
20 10 0 0 2 0 0 2 0 0 0 0 0 0
21 6 0 0 4 0 0 0 0 0 0 0 0 0
fl=/home/matt/Varsity/Treatise/Work/Virtual Machines/Normal//code.asm
fn=???
2 39916800 0 0 0 0 0 0 0 0 0 0 0 0
3 39916800 0 0 0 0 0 0 0 0 0 0 0 0
4 39916800 0 0 39916800 0 0 0 0 0 0 0 0 0
5 39916800 0 0 0 0 0 0 0 0 0 0 0 0
6 39916800 0 0 0 0 0 0 0 0 0 0 0 0
7 39916800 0 0 0 0 0 0 0 0 0 0 0 0
8 39916800 0 0 39916800 0 0 0 0 0 0 0 0 0
10 39916800 0 0 0 0 0 0 0 0 0 0 0 0
12 39916800 0 0 0 0 0 39916800 0 0 0 0 0 0
13 159667200 0 0 79833600 0 0 0 0 0 0 0 39916800 39916800
15 2716284501 1 1 0 0 0 0 0 0 0 0 0 0
16 2716284501 0 0 0 0 0 0 0 0 0 0 0 0
17 2716284501 0 0 2716284501 0 0 0 0 0 0 0 0 0
19 2716284501 0 0 2716284501 0 0 0 0 0 0 0 0 0
20 2716284501 0 0 2716284501 0 0 0 0 0 0 0 0 0
21 2716284501 0 0 0 0 0 0 0 0 0 0 0 0
22 2716284501 0 0 0 0 0 0 0 0 0 0 0 0
24 2716284501 0 0 0 0 0 2716284501 0 0 0 0 0 0
25 10865138004 1 1 5432569002 1 1 0 0 0 0 0 2716284501 1890763201
27 39916799 0 0 0 0 0 0 0 0 0 0 0 0
28 39916799 0 0 0 0 0 0 0 0 0 0 0 0
29 39916799 0 0 39916799 0 0 0 0 0 0 0 0 0
30 39916799 0 0 0 0 0 0 0 0 0 0 0 0
31 39916799 0 0 0 0 0 0 0 0 0 0 0 0
32 39916799 0 0 0 0 0 0 0 0 0 0 0 0
33 39916799 0 0 39916799 0 0 0 0 0 0 0 0 0
35 39916799 0 0 0 0 0 0 0 0 0 0 0 0
37 39916799 0 0 0 0 0 39916799 0 0 0 0 0 0
38 159667196 0 0 79833598 1 1 0 0 0 0 0 39916799 1
52 39916800 1 1 0 0 0 0 0 0 0 0 0 0
53 39916800 1 1 0 0 0 0 0 0 0 0 0 0
54 39916800 0 0 39916800 0 0 0 0 0 0 0 0 0
55 39916800 0 0 0 0 0 0 0 0 0 0 0 0
56 39916800 0 0 0 0 0 0 0 0 0 0 0 0
57 39916800 0 0 0 0 0 0 0 0 0 0 0 0
58 39916800 0 0 39916800 0 0 0 0 0 0 0 0 0
60 39916800 0 0 0 0 0 0 0 0 0 0 0 0
62 39916800 0 0 0 0 0 39916800 0 0 0 0 0 0
63 159667200 0 0 79833600 0 0 0 0 0 0 0 39916800 1
65 39916800 0 0 0 0 0 0 0 0 0 0 0 0
66 39916800 1 1 0 0 0 0 0 0 0 0 0 0
67 39916800 0 0 39916800 0 0 0 0 0 0 0 0 0
69 39916800 0 0 39916800 0 0 0 0 0 0 0 0 0
70 39916800 0 0 39916800 0 0 0 0 0 0 0 0 0
71 39916800 0 0 0 0 0 0 0 0 0 0 0 0
72 39916800 0 0 0 0 0 0 0 0 0 0 0 0
74 39916800 0 0 0 0 0 39916800 0 0 0 0 0 0
75 159667200 0 0 79833600 0 0 0 0 0 0 0 39916800 1
94 39916799 1 1 0 0 0 0 0 0 0 0 0 0
95 39916799 0 0 0 0 0 0 0 0 0 0 0 0
97 39916799 0 0 39916799 0 0 0 0 0 0 0 0 0
98 39916799 0 0 39916799 0 0 0 0 0 0 0 0 0
99 39916799 0 0 0 0 0 0 0 0 0 0 0 0
100 39916799 0 0 39916799 0 0 0 0 0 0 0 0 0
101 39916799 0 0 0 0 0 0 0 0 0 0 0 0
102 39916799 0 0 0 0 0 0 0 0 0 0 0 0
103 39916799 0 0 0 0 0 39916799 0 0 0 0 0 0
104 39916799 0 0 0 0 0 39916799 0 0 0 0 0 0
105 39916799 0 0 0 0 0 0 0 0 0 0 0 0
107 159667196 1 1 79833598 0 0 0 0 0 0 0 39916799 1
295 174002949 1 1 0 0 0 0 0 0 0 0 0 0
296 174002949 0 0 0 0 0 0 0 0 0 0 0 0
297 174002949 0 0 0 0 0 0 0 0 0 0 0 0
298 174002949 0 0 0 0 0 0 0 0 0 0 0 0
299 174002949 0 0 0 0 0 0 0 0 0 0 0 0
300 174002949 0 0 174002949 0 0 0 0 0 0 0 0 0
301 174002949 0 0 0 0 0 174002949 0 0 0 0 0 0
302 696011796 0 0 348005898 0 0 0 0 0 0 0 174002949 159667198
304 39916799 0 0 0 0 0 0 0 0 0 0 0 0
305 39916799 0 0 0 0 0 0 0 0 0 0 0 0
306 39916799 0 0 0 0 0 0 0 0 0 0 0 0
307 39916799 0 0 0 0 0 0 0 0 0 0 0 0
308 39916799 0 0 0 0 0 0 0 0 0 0 0 0
309 39916799 0 0 39916799 0 0 0 0 0 0 0 0 0
310 39916799 0 0 0 0 0 39916799 0 0 0 0 0 0
311 159667196 0 0 79833598 0 0 0 0 0 0 0 39916799 1
313 635696356 1 1 0 0 0 0 0 0 0 0 0 0
314 635696356 0 0 0 0 0 0 0 0 0 0 0 0
316 635696356 1 1 635696356 0 0 0 0 0 0 0 0 0
317 635696356 0 0 635696356 0 0 0 0 0 0 0 0 0
318 635696356 0 0 0 0 0 0 0 0 0 0 0 0
319 635696356 0 0 0 0 0 635696356 1 1 0 0 0 0
320 2542785424 0 0 1271392712 0 0 0 0 0 0 0 635696356 555862756
327 399168002 1 1 0 0 0 0 0 0 0 0 0 0
328 399168002 0 0 0 0 0 0 0 0 0 0 0 0
329 399168002 0 0 399168002 0 0 0 0 0 0 0 0 0
330 399168002 0 0 399168002 0 0 0 0 0 0 0 0 0
331 399168002 0 0 0 0 0 399168002 0 0 0 0 0 0
332 1596672008 0 0 798336004 1 0 0 0 0 0 0 399168002 359251200
334 79833599 0 0 0 0 0 0 0 0 0 0 0 0
335 79833599 0 0 0 0 0 0 0 0 0 0 0 0
336 79833599 0 0 79833599 0 0 0 0 0 0 0 0 0
337 79833599 0 0 79833599 0 0 0 0 0 0 0 0 0
338 79833599 0 0 0 0 0 79833599 0 0 0 0 0 0
339 319334396 0 0 159667198 0 0 0 0 0 0 0 79833599 39916800
341 159667221 1 1 0 0 0 0 0 0 0 0 0 0
342 159667221 0 0 0 0 0 0 0 0 0 0 0 0
343 159667221 0 0 159667221 0 0 0 0 0 0 0 0 0
344 159667221 0 0 159667221 0 0 0 0 0 0 0 0 0
345 159667221 0 0 0 0 0 159667221 0 0 0 0 0 0
346 638668884 0 0 319334442 1 1 0 0 0 0 0 159667221 159667202
348 79833601 0 0 0 0 0 0 0 0 0 0 0 0
349 79833601 0 0 0 0 0 0 0 0 0 0 0 0
350 79833601 1 1 79833601 0 0 0 0 0 0 0 0 0
351 79833601 0 0 79833601 0 0 0 0 0 0 0 0 0
352 79833601 0 0 0 0 0 79833601 0 0 0 0 0 0
353 319334404 0 0 159667202 1 0 0 0 0 0 0 79833601 79833600
455 2654689650 1 1 0 0 0 0 0 0 0 0 0 0
456 2654689650 0 0 0 0 0 0 0 0 0 0 0 0
457 2654689650 0 0 0 0 0 0 0 0 0 0 0 0
458 2654689650 0 0 0 0 0 0 0 0 0 0 0 0
459 2654689650 0 0 0 0 0 0 0 0 0 0 0 0
460 2654689650 0 0 2654689650 0 0 0 0 0 0 0 0 0
461 2654689650 0 0 0 0 0 0 0 0 0 0 0 0
462 2654689650 0 0 0 0 0 0 0 0 0 0 0 0
463 2654689650 0 0 0 0 0 0 0 0 0 0 0 0
464 2654689650 0 0 2654689650 0 0 0 0 0 0 0 0 0
465 2654689650 0 0 2654689650 0 0 0 0 0 0 0 0 0
466 2654689650 0 0 0 0 0 2654689650 0 0 0 0 0 0
467 10618758600 0 0 5309379300 0 0 0 0 0 0 0 2654689650 2147016540
469 2131076563 1 1 0 0 0 0 0 0 0 0 0 0
470 2131076563 0 0 0 0 0 0 0 0 0 0 0 0
471 2131076563 1 1 2131076563 0 0 0 0 0 0 0 0 0
472 2131076563 0 0 0 0 0 0 0 0 0 0 0 0
473 2131076563 0 0 0 0 0 0 0 0 0 0 0 0
474 2131076563 0 0 0 0 0 0 0 0 0 0 0 0
475 2131076563 0 0 2131076563 0 0 0 0 0 0 0 0 0
476 2131076563 0 0 0 0 0 0 0 0 0 0 0 0
477 2131076563 0 0 0 0 0 0 0 0 0 0 0 0
478 2131076563 0 0 0 0 0 0 0 0 0 0 0 0
479 2131076563 0 0 2131076563 0 0 0 0 0 0 0 0 0
480 2131076563 0 0 0 0 0 2131076563 0 0 0 0 0 0
481 8524306252 0 0 4262153126 0 0 0 0 0 0 0 2131076563 1731908542
483 1523095259 1 1 1523095259 0 0 0 0 0 0 0 0 0
484 1523095259 0 0 0 0 0 0 0 0 0 0 0 0
485 6092381036 0 0 3046190518 0 0 0 0 0 0 0 1523095259 613923553
508 1268097324 1 1 0 0 0 0 0 0 0 0 0 0
509 1268097324 0 0 0 0 0 0 0 0 0 0 0 0
510 1268097324 0 0 1268097324 0 0 0 0 0 0 0 0 0
511 1268097324 0 0 0 0 0 0 0 0 0 0 0 0
512 1268097324 0 0 0 0 0 0 0 0 0 0 0 0
513 1268097324 0 0 0 0 0 0 0 0 0 0 0 0
514 1268097324 0 0 1268097324 0 0 0 0 0 0 0 0 0
515 1268097324 0 0 0 0 0 0 0 0 0 0 0 0
516 1268097324 0 0 0 0 0 0 0 0 1268097324 190020732 0 0
517 1046829479 0 0 0 0 0 0 0 0 1046829479 185089883 0 0
519 867325106 0 0 867325106 0 0 0 0 0 0 0 0 0
520 867325106 0 0 0 0 0 0 0 0 0 0 0 0
522 179504373 0 0 179504373 0 0 0 0 0 0 0 0 0
523 179504373 0 0 0 0 0 0 0 0 0 0 0 0
525 221267845 0 0 221267845 0 0 0 0 0 0 0 0 0
527 1268097324 0 0 0 0 0 0 0 0 0 0 0 0
528 5072389296 0 0 2536194648 0 0 0 0 0 0 0 1268097324 752914536
530 966949745 1 1 0 0 0 0 0 0 0 0 0 0
531 966949745 1 1 0 0 0 0 0 0 0 0 0 0
532 966949745 0 0 966949745 0 0 0 0 0 0 0 0 0
534 966949745 0 0 966949745 0 0 0 0 0 0 0 0 0
535 966949745 0 0 966949745 0 0 0 0 0 0 0 0 0
536 966949745 0 0 0 0 0 0 0 0 0 0 0 0
537 966949745 0 0 0 0 0 0 0 0 966949745 97862920 0 0
538 199584015 0 0 0 0 0 0 0 0 199584015 26 0 0
540 79833602 0 0 79833602 0 0 0 0 0 0 0 0 0
541 79833602 0 0 0 0 0 0 0 0 0 0 0 0
543 119750413 0 0 119750413 0 0 0 0 0 0 0 0 0
544 119750413 0 0 0 0 0 0 0 0 0 0 0 0
546 767365730 0 0 767365730 0 0 0 0 0 0 0 0 0
548 966949745 0 0 0 0 0 0 0 0 0 0 0 0
549 3867798980 1 1 1933899490 0 0 0 0 0 0 0 966949745 259459203
582 119750400 1 1 119750400 0 0 0 0 0 0 0 0 0
583 119750400 0 0 0 0 0 0 0 0 0 0 0 0
584 119750400 0 0 0 0 0 0 0 0 0 0 0 0
585 119750400 0 0 119750400 0 0 0 0 0 0 0 0 0
586 119750400 0 0 0 0 0 0 0 0 0 0 0 0
587 119750400 0 0 0 0 0 0 0 0 0 0 0 0
588 119750400 0 0 0 0 0 0 0 0 0 0 0 0
590 119750400 0 0 0 0 0 119750400 0 0 0 0 0 0
591 119750400 0 0 0 0 0 119750400 0 0 0 0 0 0
592 119750400 0 0 0 0 0 119750400 0 0 0 0 0 0
593 119750400 0 0 0 0 0 119750400 0 0 0 0 0 0
594 119750400 0 0 119750400 0 0 0 0 0 0 0 0 0
595 119750400 0 0 119750400 0 0 0 0 0 0 0 0 0
596 119750400 0 0 119750400 0 0 0 0 0 0 0 0 0
598 119750400 0 0 0 0 0 0 0 0 0 0 0 0
599 119750400 0 0 119750400 0 0 0 0 0 0 0 0 0
600 119750400 0 0 119750400 0 0 0 0 0 0 0 0 0
601 119750400 1 1 119750400 0 0 0 0 0 0 0 0 0
602 119750400 0 0 119750400 0 0 0 0 0 0 0 0 0
603 119750400 0 0 0 0 0 119750400 0 0 0 0 0 0
604 119750400 0 0 0 0 0 119750400 0 0 0 0 0 0
605 119750400 0 0 0 0 0 119750400 0 0 0 0 0 0
606 119750400 0 0 0 0 0 119750400 0 0 0 0 0 0
607 119750400 0 0 0 0 0 119750400 1 1 0 0 0 0
608 119750400 0 0 0 0 0 119750400 0 0 0 0 0 0
609 119750400 0 0 0 0 0 119750400 0 0 0 0 0 0
610 119750400 0 0 0 0 0 119750400 0 0 0 0 0 0
611 119750400 0 0 0 0 0 119750400 0 0 0 0 0 0
612 119750400 0 0 0 0 0 119750400 0 0 0 0 0 0
613 119750400 0 0 0 0 0 0 0 0 0 0 0 0
614 119750400 0 0 0 0 0 0 0 0 0 0 0 0
615 119750400 0 0 0 0 0 0 0 0 0 0 0 0
616 119750400 0 0 0 0 0 0 0 0 0 0 0 0
618 119750400 1 1 0 0 0 0 0 0 0 0 0 0
619 119750400 0 0 0 0 0 119750400 0 0 0 0 0 0
621 119750400 0 0 0 0 0 0 0 0 0 0 0 0
622 119750400 0 0 119750400 0 0 0 0 0 0 0 0 0
623 119750400 0 0 0 0 0 0 0 0 0 0 0 0
624 119750400 0 0 119750400 0 0 0 0 0 0 0 0 0
626 119750400 0 0 0 0 0 0 0 0 0 0 0 0
627 119750400 0 0 0 0 0 0 0 0 0 0 0 0
628 119750400 0 0 0 0 0 0 0 0 0 0 0 0
629 119750400 0 0 0 0 0 0 0 0 0 0 0 0
630 119750400 0 0 0 0 0 0 0 0 0 0 0 0
631 119750400 0 0 0 0 0 0 0 0 0 0 0 0
633 119750400 0 0 0 0 0 0 0 0 0 0 0 0
635 518918399 0 0 0 0 0 0 0 0 518918399 39916804 0 0
636 399167999 0 0 399167999 0 0 399167999 0 0 0 0 0 0
637 399167999 0 0 0 0 0 0 0 0 0 0 0 0
638 399167999 0 0 0 0 0 0 0 0 0 0 0 0
641 119750400 0 0 0 0 0 0 0 0 0 0 0 0
643 119750400 0 0 0 0 0 0 0 0 0 0 0 0
644 119750400 0 0 0 0 0 0 0 0 0 0 0 0
645 119750400 1 1 0 0 0 0 0 0 0 0 0 0
646 119750400 0 0 0 0 0 0 0 0 0 0 0 0
647 119750400 0 0 0 0 0 0 0 0 0 0 0 0
648 119750400 0 0 0 0 0 0 0 0 0 0 0 0
649 479001600 0 0 239500800 0 0 0 0 0 0 0 119750400 79833601
651 119750401 0 0 0 0 0 0 0 0 0 0 0 0
652 119750401 0 0 0 0 0 0 0 0 0 0 0 0
654 119750401 0 0 119750401 0 0 0 0 0 0 0 0 0
655 119750401 0 0 119750401 0 0 0 0 0 0 0 0 0
656 119750401 0 0 119750401 0 0 0 0 0 0 0 0 0
657 119750401 0 0 119750401 0 0 0 0 0 0 0 0 0
658 119750401 0 0 0 0 0 119750401 0 0 0 0 0 0
659 119750401 1 1 0 0 0 119750401 0 0 0 0 0 0
660 119750401 0 0 0 0 0 119750401 0 0 0 0 0 0
661 119750401 0 0 0 0 0 119750401 0 0 0 0 0 0
662 119750401 0 0 119750401 0 0 0 0 0 0 0 0 0
663 119750401 0 0 119750401 0 0 0 0 0 0 0 0 0
665 119750401 0 0 0 0 0 119750401 0 0 0 0 0 0
666 119750401 0 0 0 0 0 119750401 0 0 0 0 0 0
667 119750401 0 0 119750401 0 0 0 0 0 0 0 0 0
669 119750401 0 0 0 0 0 0 0 0 0 0 0 0
670 119750401 0 0 0 0 0 0 0 0 119750401 1 0 0
672 119750400 0 0 0 0 0 0 0 0 0 0 0 0
673 479001600 0 0 239500800 0 0 0 0 0 0 0 119750400 119750400
723 2 1 1 0 0 0 0 0 0 0 0 0 0
724 2 0 0 0 0 0 0 0 0 0 0 0 0
725 2 0 0 0 0 0 0 0 0 0 0 0 0
726 2 0 0 0 0 0 0 0 0 0 0 0 0
727 2 0 0 0 0 0 0 0 0 0 0 0 0
728 2 0 0 2 0 0 0 0 0 0 0 0 0
730 2 1 1 0 0 0 0 0 0 0 0 0 0
731 2 0 0 0 0 0 0 0 0 0 0 0 0
732 2 0 0 0 0 0 2 0 0 0 0 0 0
733 2 0 0 0 0 0 2 0 0 0 0 0 0
734 2 0 0 0 0 0 2 0 0 0 0 0 0
735 2 0 0 0 0 0 2 0 0 0 0 0 0
736 2 0 0 2 0 0 0 0 0 0 0 0 0
737 2 0 0 2 0 0 0 0 0 0 0 0 0
738 2 0 0 2 0 0 0 0 0 0 0 0 0
739 2 0 0 0 0 0 2 1 0 0 0 0 0
740 2 0 0 0 0 0 0 0 0 0 0 0 0
741 2 0 0 0 0 0 2 0 0 0 0 0 0
742 2 0 0 0 0 0 0 0 0 0 0 0 0
743 8 0 0 4 1 1 0 0 0 0 0 2 2
796 2 1 1 0 0 0 2 0 0 0 0 0 0
797 2 1 1 0 0 0 0 0 0 0 0 0 0
798 2 0 0 2 0 0 0 0 0 0 0 0 0
799 2 0 0 0 0 0 2 0 0 0 0 0 0
800 2 0 0 2 0 0 0 0 0 0 0 0 0
801 8 0 0 4 0 0 0 0 0 0 0 2 2
fl=/home/matt/Varsity/Treatise/Work/Virtual Machines/Normal//vm.asm
fn=???
28 1 1 1 0 0 0 0 0 0 0 0 0 0
29 1 0 0 0 0 0 1 0 0 0 0 0 0
31 1 0 0 0 0 0 0 0 0 0 0 0 0
32 1 0 0 0 0 0 0 0 0 1 0 0 0
35 1 0 0 0 0 0 0 0 0 0 0 0 0
38 1 0 0 1 0 0 0 0 0 0 0 0 0
40 1 1 1 0 0 0 0 0 0 0 0 0 0
41 1 0 0 0 0 0 0 0 0 0 0 0 0
42 1 0 0 0 0 0 0 0 0 0 0 0 0
43 1 0 0 0 0 0 0 0 0 0 0 0 0
44 1 0 0 0 0 0 0 0 0 0 0 0 0
46 1 0 0 0 0 0 0 0 0 0 0 0 0
47 1 0 0 0 0 0 0 0 0 0 0 0 0
48 1 0 0 0 0 0 0 0 0 0 0 0 0
49 1 0 0 0 0 0 1 0 0 0 0 0 0
50 1 0 0 0 0 0 1 0 0 0 0 0 0
51 1 0 0 0 0 0 1 0 0 0 0 0 0
52 1 0 0 0 0 0 0 0 0 0 0 0 0
53 1 0 0 1 0 0 0 0 0 0 0 0 0
54 1 0 0 0 0 0 0 0 0 0 0 0 0
55 1 0 0 0 0 0 0 0 0 0 0 0 0
56 1 0 0 0 0 0 1 0 0 0 0 0 0
57 1 0 0 0 0 0 0 0 0 0 0 0 0
58 1 0 0 0 0 0 0 0 0 0 0 0 0
59 1 0 0 0 0 0 0 0 0 0 0 0 0
60 1 1 1 0 0 0 1 0 0 0 0 0 0
64 1 0 0 0 0 0 0 0 0 0 0 0 0
66 4 0 0 2 1 1 0 0 0 0 0 1 1
78 1 0 0 0 0 0 0 0 0 0 0 0 0
79 1 0 0 0 0 0 1 0 0 0 0 0 0
fl=???
fn=(below main)
0 58 4 4 17 2 0 16 0 0 7 0 2 2
fn=???
0 239501016 27 18 239500913 8 0 36 1 1 11 4 239500877 25
fn=_Exit
0 8 2 2 1 0 0 0 0 0 0 0 0 0
fn=_IO_cleanup
0 100 8 8 30 1 0 17 0 0 21 11 1 1
fn=_IO_default_finish
0 19 3 3 7 0 0 2 0 0 4 3 0 0
fn=_IO_default_setbuf
0 38 4 4 8 0 0 14 0 0 4 2 1 1
fn=_IO_default_xsputn
0 48 3 3 10 0 0 8 0 0 7 2 0 0
fn=_IO_do_write@@GLIBC_2.2.5
0 56 5 5 16 0 0 11 0 0 8 3 1 1
fn=_IO_doallocbuf
0 36 2 2 16 0 0 8 1 0 6 4 2 1
fn=_IO_file_close
0 2 1 1 1 0 0 0 0 0 0 0 0 0
fn=_IO_file_close_it@@GLIBC_2.2.5
0 48 4 4 10 0 0 16 0 0 4 2 1 1
fn=_IO_file_doallocate
0 102 5 4 22 2 0 14 1 0 12 2 2 1
fn=_IO_file_finish@@GLIBC_2.2.5
0 8 2 2 2 0 0 1 0 0 1 1 0 0
fn=_IO_file_fopen@@GLIBC_2.2.5
0 76 9 9 13 1 1 11 0 0 15 5 0 0
fn=_IO_file_init@@GLIBC_2.2.5
0 13 2 2 4 0 0 5 0 0 0 0 0 0
fn=_IO_file_overflow@@GLIBC_2.2.5
0 70 6 6 16 0 0 16 0 0 12 6 0 0
fn=_IO_file_read
0 4 1 1 2 0 0 0 0 0 1 1 0 0
fn=_IO_file_seek
0 4 1 1 2 0 0 0 0 0 0 0 0 0
fn=_IO_file_seekoff@@GLIBC_2.2.5
0 213 16 16 61 0 0 39 0 0 36 13 4 4
fn=_IO_file_setbuf@@GLIBC_2.2.5
0 15 1 1 3 0 0 8 0 0 1 0 0 0
fn=_IO_file_stat
0 12 1 1 3 0 0 0 0 0 0 0 0 0
fn=_IO_file_sync@@GLIBC_2.2.5
0 13 3 3 6 0 0 2 0 0 2 1 0 0
fn=_IO_file_write@@GLIBC_2.2.5
0 36 2 2 8 0 0 5 0 0 5 3 0 0
fn=_IO_file_xsgetn
0 33 4 4 10 0 0 6 0 0 3 1 0 0
fn=_IO_file_xsputn@@GLIBC_2.2.5
0 207 5 5 46 1 1 32 1 0 24 4 1 1
fn=_IO_flush_all_lockp
0 96 8 8 27 5 2 13 0 0 22 15 1 1
fn=_IO_link_in
0 85 9 9 30 3 2 16 0 0 18 10 0 0
fn=_IO_no_init
0 33 3 3 5 0 0 20 2 2 1 0 0 0
fn=_IO_old_init
0 25 3 3 2 0 0 19 2 2 1 0 0 0
fn=_IO_seekoff_unlocked
0 47 2 2 11 1 0 3 0 0 10 3 3 1
fn=_IO_setb
0 76 1 1 19 0 0 18 0 0 4 3 0 0
fn=_IO_sgetn
0 3 1 1 2 0 0 0 0 0 0 0 1 1
fn=_IO_un_link
0 91 11 11 32 0 0 15 0 0 20 11 0 0
fn=_IO_unsave_markers
0 7 2 2 3 0 0 0 0 0 2 2 0 0
fn=__GI_memcpy
0 178 5 5 156 21 19 154 19 19 160 10 0 0
fn=__GI_mempcpy
0 62 3 3 8 0 0 5 0 0 18 11 0 0
fn=__GI_strstr
0 24 6 6 9 1 1 6 0 0 2 2 0 0
fn=__call_tls_dtors
0 12 3 3 5 0 0 4 0 0 1 1 0 0
fn=__close_nocancel
0 5 1 1 1 0 0 0 0 0 1 0 0 0
fn=__ctype_init
0 16 2 2 10 1 0 3 0 0 0 0 0 0
fn=__cxa_atexit
0 22 2 2 5 0 0 8 0 0 1 0 0 0
fn=__cxa_finalize
0 46 4 4 12 2 0 6 0 0 7 2 0 0
fn=__default_morecore
0 14 1 1 2 0 0 2 0 0 0 0 0 0
fn=__fopen_internal
0 39 3 3 4 0 0 10 1 1 2 0 0 0
fn=__fopen_maybe_mmap
0 4 1 1 2 1 0 0 0 0 1 1 0 0
fn=__init_cpu_features
0 79 9 9 9 2 2 13 0 0 13 5 1 1
fn=__init_misc
0 24 2 2 7 0 0 5 1 0 2 0 0 0
fn=__libc_csu_init
0 34 2 2 8 1 0 8 0 0 2 0 1 1
fn=__libc_memalign
0 535 4 4 104 0 0 102 1 1 60 20 0 0
fn=__linkin_atfork
0 9 2 2 4 2 0 1 0 0 2 1 0 0
fn=__lseek_nocancel
0 10 0 0 2 0 0 0 0 0 2 0 0 0
fn=__new_exitfn
0 38 6 6 11 5 3 5 0 0 7 6 0 0
fn=__open_nocancel
0 5 1 1 1 0 0 0 0 0 1 0 0 0
fn=__read_nocancel
0 5 0 0 1 0 0 0 0 0 1 1 0 0
fn=__run_exit_handlers
0 56 5 5 9 3 0 10 0 0 9 3 2 2
fn=__sigjmp_save
0 9 0 0 2 0 0 2 0 0 1 1 0 0
fn=__sigsetjmp
0 79 4 4 19 0 0 32 1 1 0 0 0 0
fn=__tls_get_addr
0 11 2 2 7 2 0 0 0 0 2 0 0 0
fn=__unregister_atfork
0 13 2 1 5 0 0 1 0 0 3 2 0 0
fn=__write_nocancel
0 5 0 0 1 0 0 0 0 0 1 0 0 0
fn=_dl_add_to_namespace_list
0 103 2 2 29 0 0 23 0 0 8 5 6 2
fn=_dl_add_to_slotinfo
0 24 2 2 9 3 0 6 0 0 1 0 0 0
fn=_dl_addr
0 56044 10 10 13650 1011 858 17 3 0 12809 1988 2 2
fn=_dl_allocate_tls_init
0 78 6 6 25 2 0 13 0 0 8 2 0 0
fn=_dl_allocate_tls_storage
0 323 3 3 7 0 0 296 37 37 290 10 0 0
fn=_dl_cache_libcmp
0 735 4 4 112 10 10 0 0 0 203 35 0 0
fn=_dl_catch_error
0 120 4 4 33 0 0 60 6 6 3 0 6 3
fn=_dl_check_all_versions
0 75 2 2 13 0 0 8 0 0 9 3 0 0
fn=_dl_check_map_versions
0 1233 13 13 403 6 6 167 13 13 146 53 0 0
fn=_dl_count_modids
0 4 1 1 3 0 0 0 0 0 1 0 0 0
fn=_dl_debug_initialize
0 41 3 3 13 2 1 4 0 0 12 11 0 0
fn=_dl_debug_state
0 2 0 0 2 0 0 0 0 0 0 0 0 0
fn=_dl_determine_tlsoffset
0 56 5 5 11 0 0 8 0 0 4 1 0 0
fn=_dl_discover_osversion
0 80 5 5 14 1 1 7 1 1 14 8 0 0
fn=_dl_find_dso_for_object
0 30 3 3 12 0 0 0 0 0 11 5 0 0
fn=_dl_fini
0 257 10 10 88 17 0 36 3 0 48 10 6 6
fn=_dl_fixup
0 883 6 6 348 36 5 110 0 0 99 12 0 0
fn=_dl_important_hwcaps
0 259 18 18 51 0 0 44 2 2 31 14 0 0
fn=_dl_init
0 86 5 5 24 1 0 12 0 0 12 5 0 0
fn=_dl_init_paths
0 91 10 10 14 0 0 33 2 2 7 3 0 0
fn=_dl_initial_error_catch_tsd
0 8 0 0 4 0 0 0 0 0 0 0 0 0
fn=_dl_load_cache_lookup
0 323 15 15 58 9 9 32 0 0 56 9 0 0
fn=_dl_lookup_symbol_x
0 19721 10 10 4264 104 90 2473 9 0 2322 161 0 0
fn=_dl_map_object
0 415 26 26 86 0 0 67 5 5 68 22 0 0
fn=_dl_map_object_deps
0 1082 37 37 224 1 1 124 1 1 233 50 0 0
fn=_dl_map_object_from_fd
0 1729 49 49 363 16 16 199 24 24 336 94 0 0
fn=_dl_name_match_p
0 1535 3 3 397 3 0 228 1 0 229 38 0 0
fn=_dl_new_object
0 605 15 15 106 4 4 115 25 25 90 43 0 0
fn=_dl_next_ld_env_entry
0 343 2 2 118 26 26 1 0 0 114 21 0 0
fn=_dl_next_tls_modid
0 6 1 1 3 0 0 1 0 0 1 0 0 0
fn=_dl_receive_error
0 28 2 2 10 0 0 12 0 0 0 0 2 2
fn=_dl_relocate_object
0 18882 51 51 5173 672 616 2418 253 241 2789 144 111 13
fn=_dl_runtime_resolve
0 319 4 4 99 0 0 88 0 0 0 0 11 11
fn=_dl_setup_hash
0 88 2 2 28 5 5 24 0 0 4 0 0 0
fn=_dl_sort_fini
0 170 6 6 51 1 0 20 0 0 27 8 0 0
fn=_dl_start
0 620 16 16 128 25 23 55 16 16 110 30 7 1
fn=_dl_sysdep_read_whole_file
0 41 3 3 6 1 1 9 0 0 3 1 0 0
fn=_dl_sysdep_start
0 483 16 15 128 19 17 41 5 5 105 23 18 14
fn=_dl_sysdep_start_cleanup
0 1 1 0 1 0 0 0 0 0 0 0 0 0
fn=_dl_unload_cache
0 10 2 1 3 1 0 2 0 0 1 1 0 0
fn=_dl_vdso_vsym
0 24 2 2 12 1 0 0 0 0 4 4 0 0
fn=_fxstat
0 60 2 2 6 0 0 0 0 0 12 0 0 0
fn=_init
0 60 5 5 14 2 0 18 4 3 4 2 0 0
fn=_int_malloc
0 6227021856 49 49 1676505731 6 3 838253010 4 4 958003326 56 2 2
fn=_itoa_word
0 128 3 3 11 1 1 9 0 0 11 10 0 0
fn=_setjmp
0 2 1 1 0 0 0 0 0 0 0 0 0 0
fn=_start
0 11 1 1 1 0 0 3 0 0 0 0 0 0
fn=access
0 9 1 1 1 0 0 1 0 0 1 1 0 0
fn=bcmp
0 1041 12 12 244 11 11 76 3 3 182 59 0 0
fn=brk
0 47 3 3 7 0 0 4 1 1 8 0 0 0
fn=call_init.part.0
0 155 4 4 58 4 0 28 0 0 17 3 4 4
fn=calloc
0 64 1 1 0 0 0 0 0 0 8 8 0 0
fn=check_match.isra.0
0 5440 7 6 1904 44 16 613 6 0 809 28 0 0
fn=close
0 15 1 1 3 0 0 0 0 0 3 0 0 0
fn=dl_main
0 1056 73 73 213 25 18 140 17 17 213 82 1 1
fn=do_lookup_x
0 27045 17 17 9443 202 134 4190 8 0 3917 292 0 0
fn=do_preload
0 28 3 3 7 0 0 8 0 0 1 1 0 0
fn=exit
0 4 1 1 0 0 0 1 0 0 0 0 0 0
fn=fclose@@GLIBC_2.2.5
0 65 8 8 26 2 0 9 0 0 15 8 1 1
fn=fopen@@GLIBC_2.2.5
0 2 1 1 0 0 0 0 0 0 0 0 0 0
fn=fread
0 52 6 6 18 0 0 7 0 0 10 5 0 0
fn=free
0 8622029000 15 15 2275257654 0 0 838252824 0 0 1916006452 19958431 0 0
fn=fseek
0 78 4 4 30 0 0 8 0 0 16 10 0 0
fn=ftell
0 41 6 6 15 0 0 4 0 0 10 7 0 0
fn=gettimeofday
0 14 1 1 1 0 0 5 0 0 0 0 0 0
fn=handle_intel.isra.0
0 94 5 5 14 0 0 26 0 0 6 2 0 0
fn=index
0 163 5 5 21 2 2 0 0 0 12 4 0 0
fn=init_cacheinfo
0 147 8 8 6 0 0 12 1 1 24 8 0 0
fn=init_tls
0 65 4 4 14 0 0 13 1 1 12 6 0 0
fn=intel_check_word
0 904 10 10 82 6 6 16 0 0 236 57 0 0
fn=isatty
0 8 1 1 1 0 0 1 1 0 0 0 0 0
fn=lseek
0 4 1 1 2 0 0 0 0 0 2 0 0 0
fn=malloc
0 3951763398 4 4 1317254449 2 0 359251214 0 0 838252829 41 1 1
fn=malloc_consolidate
0 651 4 4 3 0 0 257 32 32 129 10 0 0
fn=malloc_hook_ini
0 38 4 4 12 3 1 5 0 0 8 6 0 0
fn=map_doit
0 14 1 1 5 0 0 3 0 0 0 0 0 0
fn=match_symbol
0 356 5 5 140 14 14 36 0 0 92 12 0 0
fn=memcpy
0 379 6 6 58 0 0 45 8 8 100 55 0 0
fn=memcpy@GLIBC_2.2.5
0 17 2 2 4 0 0 0 0 0 3 0 0 0
fn=mempcpy
0 143 5 5 21 1 1 16 3 3 38 20 0 0
fn=memset
0 2510 1 1 11 0 0 2444 39 39 2455 54 0 0
fn=mmap
0 66 3 3 11 0 0 0 0 0 11 0 0 0
fn=mprotect
0 30 1 1 6 0 0 0 0 0 6 0 0 0
fn=munmap
0 10 0 0 2 0 0 0 0 0 2 0 0 0
fn=open
0 17 2 2 4 0 0 0 0 0 4 0 0 0
fn=open_verify
0 409 12 12 88 6 6 42 1 1 71 22 0 0
fn=openaux
0 34 2 2 16 0 0 6 0 0 0 0 0 0
fn=printf
0 42 4 4 6 1 0 20 0 0 2 2 0 0
fn=ptmalloc_init.part.8
0 385 7 7 126 41 1 15 4 2 117 21 0 0
fn=read
0 12 2 2 3 0 0 0 0 0 3 0 0 0
fn=rindex
0 24 2 2 2 1 0 0 0 0 3 0 0 0
fn=rtld_lock_default_lock_recursive
0 10 1 1 10 2 1 0 0 0 0 0 0 0
fn=rtld_lock_default_unlock_recursive
0 10 0 0 10 1 0 0 0 0 0 0 0 0
fn=sbrk
0 69 4 4 20 2 0 11 2 1 13 4 0 0
fn=strcasecmp
0 7 2 2 3 1 1 1 0 0 2 1 0 0
fn=strchrnul
0 80 2 2 8 0 0 0 0 0 8 1 0 0
fn=strcmp
0 11936 1 1 3582 36 17 0 0 0 3220 249 0 0
fn=strdup
0 34 1 1 4 0 0 8 0 0 2 0 0 0
fn=strlen
0 591 4 4 68 0 0 0 0 0 145 38 0 0
fn=strncasecmp
0 6 2 2 3 0 0 0 0 0 2 2 0 0
fn=strsep
0 800 2 2 250 0 0 1 0 0 248 15 0 0
fn=tcgetattr
0 15 3 3 2 0 0 1 0 0 1 1 0 0
fn=time
0 14 2 2 1 0 0 5 0 0 0 0 0 0
fn=uname
0 5 1 1 1 0 0 0 0 0 1 0 0 0
fn=version_check_doit
0 10 1 1 4 0 0 2 0 0 1 1 0 0
fn=vfprintf
0 628 47 47 181 8 3 136 7 0 103 60 8 4
fn=write
0 2 1 1 1 0 0 0 0 0 1 0 0 0
summary: 200419175473 1046 1031 69700687770 2474 1961 14259369284 582 523 7832425062 532853055 13506897459 8989685254
