desc: I1 cache:         32768 B, 64 B, 8-way associative
desc: D1 cache:         32768 B, 64 B, 8-way associative
desc: LL cache:         3145728 B, 64 B, 12-way associative
cmd: ./vm a.out
events: Ir I1mr ILmr Dr D1mr DLmr Dw D1mw DLmw Bc Bcm Bi Bim
fl=/home/matt/Varsity/Treatise/Work/Virtual Machines/Normal/../Common/utility.c
fn=file_to_memory
45 4 1 1 0 0 0 2 0 0 0 0 0 0
46 5 1 1 1 0 0 2 0 0 0 0 0 0
47 2 0 0 1 0 0 0 0 0 1 1 0 0
50 5 0 0 1 0 0 1 0 0 0 0 0 0
51 4 0 0 1 0 0 2 0 0 0 0 0 0
52 5 1 1 1 0 0 1 0 0 0 0 0 0
54 6 0 0 1 0 0 2 0 0 0 0 0 0
56 12 1 1 4 0 0 1 0 0 1 1 0 0
62 3 0 0 1 0 0 1 0 0 0 0 0 0
63 5 0 0 2 0 0 1 0 0 0 0 0 0
64 1 0 0 1 0 0 0 0 0 0 0 0 0
65 2 1 1 2 1 0 0 0 0 0 0 0 0
fn=main
7 5 1 1 0 0 0 3 0 0 0 0 0 0
8 7 0 0 3 0 0 1 0 0 0 0 0 0
fn=print_int
19 313992 1 1 0 0 0 156996 0 0 0 0 0 0
20 392490 0 0 78498 0 0 78498 0 0 0 0 0 0
21 235494 0 0 156996 0 0 0 0 0 0 0 0 0
fl=/home/matt/Varsity/Treatise/Work/Virtual Machines/Normal//code.asm
fn=???
15 999999 1 1 0 0 0 0 0 0 0 0 0 0
16 999999 0 0 0 0 0 0 0 0 0 0 0 0
17 999999 0 0 999999 0 0 0 0 0 0 0 0 0
19 999999 0 0 999999 0 0 0 0 0 0 0 0 0
20 999999 0 0 999999 0 0 0 0 0 0 0 0 0
21 999999 0 0 0 0 0 0 0 0 0 0 0 0
22 999999 0 0 0 0 0 0 0 0 0 0 0 0
24 999999 0 0 0 0 0 999999 0 0 0 0 0 0
25 3999996 1 1 1999998 1 1 0 0 0 0 0 999999 1
77 3084786719 1 1 0 0 0 0 0 0 0 0 0 0
78 3084786719 0 0 0 0 0 0 0 0 0 0 0 0
79 3084786719 1 1 3084786719 0 0 0 0 0 0 0 0 0
80 3084786719 0 0 0 0 0 0 0 0 0 0 0 0
81 3084786719 0 0 0 0 0 0 0 0 0 0 0 0
82 3084786719 0 0 0 0 0 0 0 0 0 0 0 0
83 3084786719 0 0 3084786719 0 0 0 0 0 0 0 0 0
85 3084786719 0 0 0 0 0 0 0 0 0 0 0 0
86 3084786719 0 0 0 0 0 0 0 0 0 0 0 0
87 3084786719 0 0 0 0 0 0 0 0 0 0 0 0
88 3084786719 0 0 0 0 0 3084786719 0 0 0 0 0 0
89 3084786719 0 0 0 0 0 3084786719 0 0 0 0 0 0
90 3084786719 0 0 0 0 0 0 0 0 0 0 0 0
92 12339146876 0 0 6169573438 0 0 0 0 0 0 0 3084786719 1
295 78498 1 1 0 0 0 0 0 0 0 0 0 0
296 78498 0 0 0 0 0 0 0 0 0 0 0 0
297 78498 0 0 0 0 0 0 0 0 0 0 0 0
298 78498 0 0 0 0 0 0 0 0 0 0 0 0
299 78498 0 0 0 0 0 0 0 0 0 0 0 0
300 78498 0 0 78498 0 0 0 0 0 0 0 0 0
301 78498 0 0 0 0 0 78498 0 0 0 0 0 0
302 313992 0 0 156996 0 0 0 0 0 0 0 78498 1
304 1000001 0 0 0 0 0 0 0 0 0 0 0 0
305 1000001 0 0 0 0 0 0 0 0 0 0 0 0
306 1000001 0 0 0 0 0 0 0 0 0 0 0 0
307 1000001 0 0 0 0 0 0 0 0 0 0 0 0
308 1000001 0 0 0 0 0 0 0 0 0 0 0 0
309 1000001 0 0 1000001 0 0 0 0 0 0 0 0 0
310 1000001 0 0 0 0 0 1000001 0 0 0 0 0 0
311 4000004 0 0 2000002 1 0 0 0 0 0 0 1000001 3
313 2 1 1 0 0 0 0 0 0 0 0 0 0
314 2 0 0 0 0 0 0 0 0 0 0 0 0
316 2 1 1 2 0 0 0 0 0 0 0 0 0
317 2 0 0 2 0 0 0 0 0 0 0 0 0
318 2 0 0 0 0 0 0 0 0 0 0 0 0
319 2 0 0 0 0 0 2 1 1 0 0 0 0
320 8 0 0 4 1 1 0 0 0 0 0 2 2
322 1 0 0 0 0 0 0 0 0 0 0 0 0
323 1 0 0 0 0 0 0 0 0 0 0 0 0
324 1 0 0 0 0 0 1 0 0 0 0 0 0
325 4 1 1 2 0 0 0 0 0 0 0 1 1
327 156994 0 0 0 0 0 0 0 0 0 0 0 0
328 156994 0 0 0 0 0 0 0 0 0 0 0 0
329 156994 0 0 156994 0 0 0 0 0 0 0 0 0
330 156994 0 0 156994 0 0 0 0 0 0 0 0 0
331 156994 0 0 0 0 0 156994 0 0 0 0 0 0
332 627976 0 0 313988 0 0 0 0 0 0 0 156994 156994
334 78497 0 0 0 0 0 0 0 0 0 0 0 0
335 78497 0 0 0 0 0 0 0 0 0 0 0 0
336 78497 0 0 78497 0 0 0 0 0 0 0 0 0
337 78497 0 0 78497 78228 26944 0 0 0 0 0 0 0
338 78497 0 0 0 0 0 78497 0 0 0 0 0 0
339 313988 0 0 156994 0 0 0 0 0 0 0 78497 1
341 156995 1 1 0 0 0 0 0 0 0 0 0 0
342 156995 0 0 0 0 0 0 0 0 0 0 0 0
343 156995 0 0 156995 0 0 0 0 0 0 0 0 0
344 156995 0 0 156995 0 0 0 0 0 0 0 0 0
345 156995 0 0 0 0 0 156995 78246 53185 0 0 0 0
346 627980 0 0 313990 1 1 0 0 0 0 0 156995 156995
355 3084943715 1 1 0 0 0 0 0 0 0 0 0 0
356 3084943715 0 0 0 0 0 0 0 0 0 0 0 0
357 3084943715 0 0 0 0 0 0 0 0 0 0 0 0
358 3084943715 0 0 0 0 0 0 0 0 0 0 0 0
359 3084943715 0 0 0 0 0 0 0 0 0 0 0 0
360 3084943715 0 0 3084943715 0 0 0 0 0 0 0 0 0
361 3084943715 0 0 3084943715 0 0 0 0 0 0 0 0 0
362 3084943715 0 0 3084943715 2945296300 2350224464 0 0 0 0 0 0 0
363 3084943715 1 1 0 0 0 3084943715 0 0 0 0 0 0
364 12339774860 0 0 6169887430 2 2 0 0 0 0 0 3084943715 156994
366 6171651933 0 0 0 0 0 0 0 0 0 0 0 0
367 6171651933 0 0 0 0 0 0 0 0 0 0 0 0
368 6171651933 0 0 0 0 0 0 0 0 0 0 0 0
369 6171651933 0 0 0 0 0 0 0 0 0 0 0 0
370 6171651933 0 0 0 0 0 0 0 0 0 0 0 0
371 6171651933 0 0 6171651933 0 0 0 0 0 0 0 0 0
372 6171651933 0 0 6171651933 0 0 0 0 0 0 0 0 0
373 6171651933 0 0 6171651933 1428007370 1113982591 0 0 0 0 0 0 0
374 6171651933 0 0 0 0 0 6171651933 0 0 0 0 0 0
375 24686607732 1 1 12343303866 0 0 0 0 0 0 0 6171651933 6171416444
388 2921501 1 1 0 0 0 0 0 0 0 0 0 0
389 2921501 0 0 0 0 0 0 0 0 0 0 0 0
390 2921501 0 0 2921501 0 0 0 0 0 0 0 0 0
391 2921501 0 0 0 0 0 0 0 0 0 0 0 0
392 2921501 0 0 0 0 0 0 0 0 0 0 0 0
393 2921501 0 0 0 0 0 0 0 0 0 0 0 0
394 2921501 0 0 2921501 0 0 0 0 0 0 0 0 0
395 2921501 0 0 2921501 1 1 0 0 0 0 0 0 0
396 2921501 0 0 0 0 0 2921501 0 0 0 0 0 0
397 11686004 1 1 5843002 0 0 0 0 0 0 0 2921501 1999999
483 3084943714 1 1 3084943714 0 0 0 0 0 0 0 0 0
484 3084943714 0 0 0 0 0 0 0 0 0 0 0 0
485 12339774856 0 0 6169887428 0 0 0 0 0 0 0 3084943714 1
508 999999 1 1 0 0 0 0 0 0 0 0 0 0
509 999999 0 0 0 0 0 0 0 0 0 0 0 0
510 999999 0 0 999999 0 0 0 0 0 0 0 0 0
511 999999 0 0 0 0 0 0 0 0 0 0 0 0
512 999999 1 1 0 0 0 0 0 0 0 0 0 0
513 999999 0 0 0 0 0 0 0 0 0 0 0 0
514 999999 0 0 999999 0 0 0 0 0 0 0 0 0
515 999999 0 0 0 0 0 0 0 0 0 0 0 0
516 999999 0 0 0 0 0 0 0 0 999999 1 0 0
517 999998 0 0 0 0 0 0 0 0 999998 1 0 0
519 999997 0 0 999997 0 0 0 0 0 0 0 0 0
520 999997 0 0 0 0 0 0 0 0 0 0 0 0
522 1 0 0 1 0 0 0 0 0 0 0 0 0
523 1 0 0 0 0 0 0 0 0 0 0 0 0
525 1 0 0 1 0 0 0 0 0 0 0 0 0
527 999999 0 0 0 0 0 0 0 0 0 0 0 0
528 3999996 0 0 1999998 0 0 0 0 0 0 0 999999 2
530 3084786719 0 0 0 0 0 0 0 0 0 0 0 0
531 3084786719 1 1 0 0 0 0 0 0 0 0 0 0
532 3084786719 0 0 3084786719 0 0 0 0 0 0 0 0 0
534 3084786719 0 0 3084786719 0 0 0 0 0 0 0 0 0
535 3084786719 0 0 3084786719 0 0 0 0 0 0 0 0 0
536 3084786719 0 0 0 0 0 0 0 0 0 0 0 0
537 3084786719 0 0 0 0 0 0 0 0 3084786719 293403 0 0
538 921502 0 0 0 0 0 0 0 0 921502 5 0 0
543 921502 0 0 921502 0 0 0 0 0 0 0 0 0
544 921502 0 0 0 0 0 0 0 0 0 0 0 0
546 3083865217 0 0 3083865217 0 0 0 0 0 0 0 0 0
548 3084786719 0 0 0 0 0 0 0 0 0 0 0 0
549 12339146876 1 1 6169573438 0 0 0 0 0 0 0 3084786719 1
568 6169965925 1 1 0 0 0 0 0 0 0 0 0 0
569 6169965925 0 0 0 0 0 0 0 0 0 0 0 0
570 6169965925 0 0 6169965925 0 0 0 0 0 0 0 0 0
571 6169965925 0 0 0 0 0 0 0 0 0 0 0 0
572 6169965925 0 0 0 0 0 0 0 0 6169965925 78499 0 0
574 6169887426 0 0 6169887426 0 0 0 0 0 0 0 0 0
575 6169887426 0 0 0 0 0 0 0 0 0 0 0 0
577 78499 0 0 78499 0 0 0 0 0 0 0 0 0
579 6169965925 0 0 0 0 0 0 0 0 0 0 0 0
580 24679863700 0 0 12339931850 78150 51640 0 0 0 0 0 6169965925 6169887428
582 78497 1 1 78497 0 0 0 0 0 0 0 0 0
583 78497 0 0 0 0 0 0 0 0 0 0 0 0
584 78497 0 0 0 0 0 0 0 0 0 0 0 0
585 78497 0 0 78497 0 0 0 0 0 0 0 0 0
586 78497 0 0 0 0 0 0 0 0 0 0 0 0
587 78497 0 0 0 0 0 0 0 0 0 0 0 0
588 78497 0 0 0 0 0 0 0 0 0 0 0 0
590 78497 0 0 0 0 0 78497 0 0 0 0 0 0
591 78497 0 0 0 0 0 78497 0 0 0 0 0 0
592 78497 0 0 0 0 0 78497 0 0 0 0 0 0
593 78497 0 0 0 0 0 78497 0 0 0 0 0 0
594 78497 0 0 78497 0 0 0 0 0 0 0 0 0
595 78497 0 0 78497 0 0 0 0 0 0 0 0 0
596 78497 0 0 78497 0 0 0 0 0 0 0 0 0
598 78497 0 0 0 0 0 0 0 0 0 0 0 0
599 78497 0 0 78497 0 0 0 0 0 0 0 0 0
600 78497 0 0 78497 0 0 0 0 0 0 0 0 0
601 78497 1 1 78497 0 0 0 0 0 0 0 0 0
602 78497 0 0 78497 0 0 0 0 0 0 0 0 0
603 78497 0 0 0 0 0 78497 0 0 0 0 0 0
604 78497 0 0 0 0 0 78497 0 0 0 0 0 0
605 78497 0 0 0 0 0 78497 0 0 0 0 0 0
606 78497 0 0 0 0 0 78497 0 0 0 0 0 0
607 78497 0 0 0 0 0 78497 0 0 0 0 0 0
608 78497 0 0 0 0 0 78497 0 0 0 0 0 0
609 78497 0 0 0 0 0 78497 1 1 0 0 0 0
610 78497 0 0 0 0 0 78497 0 0 0 0 0 0
611 78497 0 0 0 0 0 78497 0 0 0 0 0 0
612 78497 0 0 0 0 0 78497 0 0 0 0 0 0
613 78497 0 0 0 0 0 0 0 0 0 0 0 0
614 78497 0 0 0 0 0 0 0 0 0 0 0 0
615 78497 0 0 0 0 0 0 0 0 0 0 0 0
616 78497 0 0 0 0 0 0 0 0 0 0 0 0
618 78497 1 1 0 0 0 0 0 0 0 0 0 0
619 78497 0 0 0 0 0 78497 0 0 0 0 0 0
621 78497 0 0 0 0 0 0 0 0 0 0 0 0
622 78497 0 0 78497 0 0 0 0 0 0 0 0 0
623 78497 0 0 0 0 0 0 0 0 0 0 0 0
624 78497 0 0 78497 0 0 0 0 0 0 0 0 0
626 78497 0 0 0 0 0 0 0 0 0 0 0 0
627 78497 0 0 0 0 0 0 0 0 0 0 0 0
628 78497 0 0 0 0 0 0 0 0 0 0 0 0
629 78497 0 0 0 0 0 0 0 0 0 0 0 0
630 78497 0 0 0 0 0 0 0 0 0 0 0 0
631 78497 0 0 0 0 0 0 0 0 0 0 0 0
633 78497 0 0 0 0 0 0 0 0 0 0 0 0
635 235491 0 0 0 0 0 0 0 0 235491 3 0 0
636 156994 0 0 156994 0 0 156994 0 0 0 0 0 0
637 156994 0 0 0 0 0 0 0 0 0 0 0 0
638 156994 0 0 0 0 0 0 0 0 0 0 0 0
641 78497 0 0 0 0 0 0 0 0 0 0 0 0
643 78497 0 0 0 0 0 0 0 0 0 0 0 0
644 78497 0 0 0 0 0 0 0 0 0 0 0 0
645 78497 1 1 0 0 0 0 0 0 0 0 0 0
646 78497 0 0 0 0 0 0 0 0 0 0 0 0
647 78497 0 0 0 0 0 0 0 0 0 0 0 0
648 78497 0 0 0 0 0 0 0 0 0 0 0 0
649 313988 0 0 156994 0 0 0 0 0 0 0 78497 1
651 78498 0 0 0 0 0 0 0 0 0 0 0 0
652 78498 0 0 0 0 0 0 0 0 0 0 0 0
654 78498 0 0 78498 78180 47757 0 0 0 0 0 0 0
655 78498 0 0 78498 0 0 0 0 0 0 0 0 0
656 78498 0 0 78498 0 0 0 0 0 0 0 0 0
657 78498 0 0 78498 0 0 0 0 0 0 0 0 0
658 78498 0 0 0 0 0 78498 0 0 0 0 0 0
659 78498 0 0 0 0 0 78498 0 0 0 0 0 0
660 78498 0 0 0 0 0 78498 0 0 0 0 0 0
661 78498 0 0 0 0 0 78498 0 0 0 0 0 0
662 78498 0 0 78498 1 1 0 0 0 0 0 0 0
663 78498 0 0 78498 0 0 0 0 0 0 0 0 0
665 78498 0 0 0 0 0 78498 78162 44865 0 0 0 0
666 78498 0 0 0 0 0 78498 78236 39229 0 0 0 0
667 78498 0 0 78498 0 0 0 0 0 0 0 0 0
669 78498 0 0 0 0 0 0 0 0 0 0 0 0
670 78498 0 0 0 0 0 0 0 0 78498 1 0 0
672 78497 0 0 0 0 0 0 0 0 0 0 0 0
673 313988 0 0 156994 78129 30108 0 0 0 0 0 78497 1
675 1000000 1 1 0 0 0 0 0 0 0 0 0 0
676 1000000 1 1 0 0 0 0 0 0 0 0 0 0
678 1000000 0 0 1000000 0 0 0 0 0 0 0 0 0
679 1000000 0 0 0 0 0 0 0 0 0 0 0 0
680 1000000 0 0 0 0 0 0 0 0 0 0 0 0
681 1000000 0 0 1000000 0 0 0 0 0 0 0 0 0
682 1000000 0 0 0 0 0 0 0 0 0 0 0 0
683 1000000 0 0 0 0 0 0 0 0 0 0 0 0
684 1000000 0 0 0 0 0 1000000 0 0 0 0 0 0
685 1000000 0 0 0 0 0 1000000 0 0 0 0 0 0
686 1000000 0 0 0 0 0 1000000 0 0 0 0 0 0
687 1000000 0 0 0 0 0 1000000 0 0 0 0 0 0
688 1000000 0 0 1000000 0 0 0 0 0 0 0 0 0
689 1000000 0 0 1000000 0 0 0 0 0 0 0 0 0
690 1000000 0 0 0 0 0 1000000 1 0 0 0 0 0
691 1000000 0 0 0 0 0 0 0 0 0 0 0 0
692 1000000 0 0 1000000 0 0 0 0 0 0 0 0 0
693 1000000 0 0 0 0 0 0 0 0 0 0 0 0
694 1000000 0 0 0 0 0 0 0 0 0 0 0 0
695 1000000 0 0 0 0 0 1000000 0 0 0 0 0 0
696 1000000 0 0 0 0 0 0 0 0 0 0 0 0
697 4000000 1 1 2000000 0 0 0 0 0 0 0 1000000 2
796 78498 1 1 0 0 0 78498 0 0 0 0 0 0
797 78498 1 1 0 0 0 0 0 0 0 0 0 0
798 78498 0 0 78498 0 0 0 0 0 0 0 0 0
799 78498 0 0 0 0 0 78498 0 0 0 0 0 0
800 78498 0 0 78498 0 0 0 0 0 0 0 0 0
801 313992 0 0 156996 0 0 0 0 0 0 0 78498 1
fl=/home/matt/Varsity/Treatise/Work/Virtual Machines/Normal//vm.asm
fn=???
28 1 1 1 0 0 0 0 0 0 0 0 0 0
29 1 0 0 0 0 0 1 0 0 0 0 0 0
31 1 0 0 0 0 0 0 0 0 0 0 0 0
32 1 0 0 0 0 0 0 0 0 1 0 0 0
35 1 0 0 0 0 0 0 0 0 0 0 0 0
38 1 0 0 1 0 0 0 0 0 0 0 0 0
40 1 1 1 0 0 0 0 0 0 0 0 0 0
41 1 0 0 0 0 0 0 0 0 0 0 0 0
42 1 0 0 0 0 0 0 0 0 0 0 0 0
43 1 0 0 0 0 0 0 0 0 0 0 0 0
44 1 0 0 0 0 0 0 0 0 0 0 0 0
46 1 0 0 0 0 0 0 0 0 0 0 0 0
47 1 0 0 0 0 0 0 0 0 0 0 0 0
48 1 0 0 0 0 0 0 0 0 0 0 0 0
49 1 0 0 0 0 0 1 0 0 0 0 0 0
50 1 0 0 0 0 0 1 0 0 0 0 0 0
51 1 0 0 0 0 0 1 0 0 0 0 0 0
52 1 0 0 0 0 0 0 0 0 0 0 0 0
53 1 0 0 1 0 0 0 0 0 0 0 0 0
54 1 0 0 0 0 0 0 0 0 0 0 0 0
55 1 0 0 0 0 0 0 0 0 0 0 0 0
56 1 0 0 0 0 0 1 0 0 0 0 0 0
57 1 0 0 0 0 0 0 0 0 0 0 0 0
58 1 0 0 0 0 0 0 0 0 0 0 0 0
59 1 0 0 0 0 0 0 0 0 0 0 0 0
60 1 1 1 0 0 0 1 0 0 0 0 0 0
64 1 0 0 0 0 0 0 0 0 0 0 0 0
66 4 0 0 2 1 1 0 0 0 0 0 1 1
78 1 0 0 0 0 0 0 0 0 0 0 0 0
79 1 0 0 0 0 0 1 0 0 0 0 0 0
fl=???
fn=(below main)
0 58 4 4 17 2 0 16 0 0 7 0 2 2
fn=???
0 1235704 27 24 1235601 156643 100827 36 1 1 11 5 1235565 25
fn=_Exit
0 8 2 2 1 0 0 0 0 0 0 0 0 0
fn=_IO_cleanup
0 100 8 8 30 1 1 17 0 0 21 11 1 1
fn=_IO_default_finish
0 19 3 3 7 0 0 2 0 0 4 3 0 0
fn=_IO_default_setbuf
0 38 4 4 8 0 0 14 0 0 4 2 1 1
fn=_IO_default_xsputn
0 7071 3 3 1467 0 0 1203 115 1 1071 159 0 0
fn=_IO_do_write@@GLIBC_2.2.5
0 6868 5 5 1981 131 0 1452 130 0 925 8 132 1
fn=_IO_doallocbuf
0 36 2 2 16 1 1 8 1 1 6 4 2 1
fn=_IO_file_close
0 2 1 1 1 0 0 0 0 0 0 0 0 0
fn=_IO_file_close_it@@GLIBC_2.2.5
0 48 4 4 10 0 0 16 0 0 4 2 1 1
fn=_IO_file_doallocate
0 102 5 5 22 3 2 14 1 1 12 2 2 1
fn=_IO_file_finish@@GLIBC_2.2.5
0 8 2 2 2 0 0 1 0 0 1 1 0 0
fn=_IO_file_fopen@@GLIBC_2.2.5
0 76 9 9 13 1 1 11 0 0 15 5 0 0
fn=_IO_file_init@@GLIBC_2.2.5
0 13 2 2 4 0 0 5 0 0 0 0 0 0
fn=_IO_file_overflow@@GLIBC_2.2.5
0 2952 6 6 802 0 0 409 0 0 536 48 0 0
fn=_IO_file_read
0 4 1 1 2 0 0 0 0 0 1 1 0 0
fn=_IO_file_seek
0 4 1 1 2 0 0 0 0 0 0 0 0 0
fn=_IO_file_seekoff@@GLIBC_2.2.5
0 213 16 16 61 0 0 39 0 0 36 13 4 4
fn=_IO_file_setbuf@@GLIBC_2.2.5
0 15 1 1 3 0 0 8 0 0 1 0 0 0
fn=_IO_file_stat
0 12 1 1 3 0 0 0 0 0 0 0 0 0
fn=_IO_file_sync@@GLIBC_2.2.5
0 13 3 3 6 0 0 2 0 0 2 1 0 0
fn=_IO_file_write@@GLIBC_2.2.5
0 4752 2 2 1056 0 0 660 0 0 660 6 0 0
fn=_IO_file_xsgetn
0 33 4 4 10 0 0 6 0 0 3 1 0 0
fn=_IO_file_xsputn@@GLIBC_2.2.5
0 7695666 6 6 1648986 1 1 1256156 1 1 863930 72 132 2
fn=_IO_flush_all_lockp
0 96 8 8 27 7 7 13 0 0 22 15 1 1
fn=_IO_link_in
0 85 9 9 30 3 2 16 0 0 18 10 0 0
fn=_IO_no_init
0 33 3 3 5 0 0 20 2 2 1 0 0 0
fn=_IO_old_init
0 25 3 3 2 0 0 19 2 2 1 0 0 0
fn=_IO_seekoff_unlocked
0 47 2 2 11 1 0 3 0 0 10 3 3 1
fn=_IO_setb
0 76 1 1 19 0 0 18 0 0 4 3 0 0
fn=_IO_sgetn
0 3 1 1 2 0 0 0 0 0 0 0 1 1
fn=_IO_un_link
0 91 11 11 32 0 0 15 0 0 20 11 0 0
fn=_IO_unsave_markers
0 7 2 2 3 0 0 0 0 0 2 2 0 0
fn=__GI_memcpy
0 411 6 6 129 16 15 128 16 16 42 12 0 0
fn=__GI_mempcpy
0 3134576 3 3 391249 0 0 234291 7555 63 941748 8531 0 0
fn=__GI_strstr
0 24 6 6 9 1 1 6 0 0 2 2 0 0
fn=__call_tls_dtors
0 12 3 3 5 1 1 4 0 0 1 1 0 0
fn=__close_nocancel
0 5 1 1 1 0 0 0 0 0 1 0 0 0
fn=__ctype_init
0 16 2 2 10 1 0 3 0 0 0 0 0 0
fn=__cxa_atexit
0 22 2 2 5 0 0 8 0 0 1 0 0 0
fn=__cxa_finalize
0 46 4 4 12 2 2 6 0 0 7 1 0 0
fn=__default_morecore
0 602 1 1 86 0 0 86 0 0 0 0 0 0
fn=__fopen_internal
0 39 3 3 4 0 0 10 1 1 2 0 0 0
fn=__fopen_maybe_mmap
0 4 1 1 2 1 0 0 0 0 1 1 0 0
fn=__init_cpu_features
0 79 9 9 9 2 2 13 0 0 13 5 1 1
fn=__init_misc
0 24 2 2 7 0 0 5 1 0 2 0 0 0
fn=__libc_csu_init
0 34 2 2 8 1 0 8 0 0 2 0 1 1
fn=__libc_memalign
0 535 4 4 104 0 0 102 1 1 60 20 0 0
fn=__linkin_atfork
0 9 2 2 4 2 0 1 0 0 2 1 0 0
fn=__lseek_nocancel
0 10 0 0 2 0 0 0 0 0 2 0 0 0
fn=__new_exitfn
0 38 6 6 11 5 3 5 0 0 7 6 0 0
fn=__open_nocancel
0 5 1 1 1 0 0 0 0 0 1 0 0 0
fn=__read_nocancel
0 5 0 0 1 0 0 0 0 0 1 1 0 0
fn=__run_exit_handlers
0 56 5 5 9 3 3 10 0 0 9 2 2 2
fn=__sigjmp_save
0 9 0 0 2 0 0 2 0 0 1 1 0 0
fn=__sigsetjmp
0 79 4 4 19 0 0 32 1 1 0 0 0 0
fn=__tls_get_addr
0 11 2 2 7 3 3 0 0 0 2 0 0 0
fn=__unregister_atfork
0 13 2 2 5 1 1 1 0 0 3 2 0 0
fn=__write_nocancel
0 660 0 0 132 0 0 0 0 0 132 0 0 0
fn=_dl_add_to_namespace_list
0 103 2 2 29 0 0 23 0 0 8 5 6 2
fn=_dl_add_to_slotinfo
0 24 2 2 9 3 0 6 0 0 1 0 0 0
fn=_dl_addr
0 56044 10 10 13650 1011 858 17 3 0 12809 1988 2 2
fn=_dl_allocate_tls_init
0 78 6 6 25 2 0 13 0 0 8 2 0 0
fn=_dl_allocate_tls_storage
0 323 3 3 7 0 0 296 37 37 290 10 0 0
fn=_dl_cache_libcmp
0 735 4 4 112 10 10 0 0 0 203 35 0 0
fn=_dl_catch_error
0 120 4 4 33 0 0 60 6 6 3 0 6 3
fn=_dl_check_all_versions
0 75 2 2 13 0 0 8 0 0 9 3 0 0
fn=_dl_check_map_versions
0 1233 13 13 403 6 6 167 13 13 146 53 0 0
fn=_dl_count_modids
0 4 1 1 3 0 0 0 0 0 1 0 0 0
fn=_dl_debug_initialize
0 41 3 3 13 2 1 4 0 0 12 11 0 0
fn=_dl_debug_state
0 2 0 0 2 0 0 0 0 0 0 0 0 0
fn=_dl_determine_tlsoffset
0 56 5 5 11 0 0 8 0 0 4 1 0 0
fn=_dl_discover_osversion
0 80 5 5 14 1 1 7 1 1 14 8 0 0
fn=_dl_find_dso_for_object
0 30 3 3 12 0 0 0 0 0 11 5 0 0
fn=_dl_fini
0 257 10 10 88 19 19 36 3 3 48 10 6 6
fn=_dl_fixup
0 883 6 6 348 84 63 110 1 1 99 12 0 0
fn=_dl_important_hwcaps
0 259 18 18 51 0 0 44 2 2 31 14 0 0
fn=_dl_init
0 86 5 5 24 1 0 12 0 0 12 5 0 0
fn=_dl_init_paths
0 91 10 10 14 0 0 33 2 2 7 3 0 0
fn=_dl_initial_error_catch_tsd
0 8 0 0 4 0 0 0 0 0 0 0 0 0
fn=_dl_load_cache_lookup
0 323 15 15 58 9 9 32 0 0 56 9 0 0
fn=_dl_lookup_symbol_x
0 19721 10 10 4264 115 103 2473 20 11 2322 163 0 0
fn=_dl_map_object
0 415 26 26 86 0 0 67 5 5 68 22 0 0
fn=_dl_map_object_deps
0 1082 37 37 224 1 1 124 1 1 233 50 0 0
fn=_dl_map_object_from_fd
0 1729 49 49 363 16 16 199 24 24 336 94 0 0
fn=_dl_name_match_p
0 1535 3 3 397 6 3 228 3 2 229 41 0 0
fn=_dl_new_object
0 605 15 15 106 4 4 115 25 25 90 43 0 0
fn=_dl_next_ld_env_entry
0 343 2 2 118 26 26 1 0 0 114 21 0 0
fn=_dl_next_tls_modid
0 6 1 1 3 0 0 1 0 0 1 0 0 0
fn=_dl_receive_error
0 28 2 2 10 0 0 12 0 0 0 0 2 2
fn=_dl_relocate_object
0 18882 51 51 5173 672 616 2418 253 241 2789 144 111 13
fn=_dl_runtime_resolve
0 319 4 4 99 0 0 88 4 4 0 0 11 11
fn=_dl_setup_hash
0 88 2 2 28 5 5 24 0 0 4 0 0 0
fn=_dl_sort_fini
0 170 6 6 51 1 1 20 0 0 27 8 0 0
fn=_dl_start
0 620 16 16 128 25 23 55 16 16 110 30 7 1
fn=_dl_sysdep_read_whole_file
0 41 3 3 6 1 1 9 0 0 3 1 0 0
fn=_dl_sysdep_start
0 483 16 15 128 19 17 41 5 5 105 23 18 14
fn=_dl_sysdep_start_cleanup
0 1 1 0 1 0 0 0 0 0 0 0 0 0
fn=_dl_unload_cache
0 10 2 1 3 1 0 2 0 0 1 1 0 0
fn=_dl_vdso_vsym
0 24 2 2 12 1 0 0 0 0 4 4 0 0
fn=_fxstat
0 60 3 3 6 0 0 0 0 0 12 0 0 0
fn=_init
0 60 5 5 14 2 0 18 4 3 4 2 0 0
fn=_int_malloc
0 156089330 55 54 20100635 488 4 25550563 656597 595292 17629315 201 86 2
fn=_itoa_word
0 6304620 3 3 538468 1 1 459970 1 1 538468 12 0 0
fn=_setjmp
0 2 1 1 0 0 0 0 0 0 0 0 0 0
fn=_start
0 11 1 1 1 0 0 3 0 0 0 0 0 0
fn=access
0 9 1 1 1 0 0 1 0 0 1 1 0 0
fn=bcmp
0 1041 12 12 244 11 11 76 3 3 182 59 0 0
fn=brk
0 2132 3 3 366 0 0 195 24 2 344 2 0 0
fn=call_init.part.0
0 155 4 4 58 4 0 28 0 0 17 3 4 4
fn=calloc
0 64 1 1 0 0 0 0 0 0 8 8 0 0
fn=check_match.isra.0
0 5440 7 7 1904 54 31 613 11 7 809 28 0 0
fn=close
0 15 1 1 3 0 0 0 0 0 3 0 0 0
fn=dl_main
0 1056 73 73 213 25 18 140 17 17 213 82 1 1
fn=do_lookup_x
0 27045 17 17 9443 254 195 4190 18 12 3917 294 0 0
fn=do_preload
0 28 3 3 7 0 0 8 0 0 1 1 0 0
fn=exit
0 4 1 1 0 0 0 1 0 0 0 0 0 0
fn=fclose@@GLIBC_2.2.5
0 65 8 8 26 2 0 9 0 0 15 8 1 1
fn=fopen@@GLIBC_2.2.5
0 2 1 1 0 0 0 0 0 0 0 0 0 0
fn=fread
0 52 6 6 18 0 0 7 0 0 10 5 0 0
fn=free
0 5651956 15 15 1491489 704635 398042 549498 0 0 1255994 21 0 0
fn=fseek
0 78 4 4 30 0 0 8 0 0 16 10 0 0
fn=ftell
0 41 6 6 15 0 0 4 0 0 10 7 0 0
fn=gettimeofday
0 14 1 1 1 0 0 5 0 0 0 0 0 0
fn=handle_intel.isra.0
0 94 5 5 14 0 0 26 0 0 6 2 0 0
fn=index
0 163 5 5 21 2 2 0 0 0 12 4 0 0
fn=init_cacheinfo
0 147 8 8 6 0 0 12 1 1 24 8 0 0
fn=init_tls
0 65 4 4 14 0 0 13 1 1 12 6 0 0
fn=intel_check_word
0 904 10 10 82 6 6 16 0 0 236 57 0 0
fn=isatty
0 8 1 1 1 0 0 1 1 1 0 0 0 0
fn=lseek
0 4 1 1 2 0 0 0 0 0 2 0 0 0
fn=malloc
0 35590533 4 4 11863494 234923 169568 3235499 0 0 7549494 46 1 1
fn=malloc_consolidate
0 651 4 4 3 0 0 257 32 32 129 10 0 0
fn=malloc_hook_ini
0 38 4 4 12 3 1 5 0 0 8 6 0 0
fn=map_doit
0 14 1 1 5 0 0 3 0 0 0 0 0 0
fn=match_symbol
0 356 5 5 140 14 14 36 0 0 92 12 0 0
fn=memcpy
0 379 6 6 58 0 0 45 8 8 100 55 0 0
fn=memcpy@GLIBC_2.2.5
0 17 2 2 4 0 0 0 0 0 3 0 0 0
fn=mempcpy
0 143 5 5 21 1 1 16 3 3 38 20 0 0
fn=memset
0 2510 1 1 11 0 0 2444 39 39 2455 54 0 0
fn=mmap
0 204 3 3 34 0 0 0 0 0 34 0 0 0
fn=mprotect
0 30 1 1 6 0 0 0 0 0 6 0 0 0
fn=munmap
0 10 0 0 2 0 0 0 0 0 2 0 0 0
fn=open
0 17 2 2 4 0 0 0 0 0 4 0 0 0
fn=open_verify
0 409 12 12 88 6 6 42 1 1 71 22 0 0
fn=openaux
0 34 2 2 16 0 0 6 0 0 0 0 0 0
fn=printf
0 1648458 4 4 235494 2 2 784980 0 0 78498 3 0 0
fn=ptmalloc_init.part.8
0 385 7 7 126 41 1 15 4 2 117 21 0 0
fn=read
0 12 2 2 3 0 0 0 0 0 3 0 0 0
fn=rindex
0 24 2 2 2 1 0 0 0 0 3 0 0 0
fn=rtld_lock_default_lock_recursive
0 10 1 1 10 2 1 0 0 0 0 0 0 0
fn=rtld_lock_default_unlock_recursive
0 10 0 0 10 1 0 0 0 0 0 0 0 0
fn=sbrk
0 2696 5 4 692 254 0 431 86 1 601 10 0 0
fn=strcasecmp
0 7 2 2 3 1 1 1 0 0 2 1 0 0
fn=strchrnul
0 3139920 2 2 313992 1 1 0 0 0 313992 1 0 0
fn=strcmp
0 11936 1 1 3582 52 35 0 0 0 3220 249 0 0
fn=strdup
0 34 1 1 4 0 0 8 0 0 2 0 0 0
fn=strlen
0 591 4 4 68 0 0 0 0 0 145 38 0 0
fn=strncasecmp
0 6 2 2 3 0 0 0 0 0 2 2 0 0
fn=strsep
0 800 2 2 250 0 0 1 0 0 248 15 0 0
fn=tcgetattr
0 15 3 3 2 0 0 1 0 0 1 1 0 0
fn=time
0 14 2 2 1 0 0 5 0 0 0 0 0 0
fn=uname
0 5 1 1 1 0 0 0 0 0 1 0 0 0
fn=version_check_doit
0 10 1 1 4 0 0 2 0 0 1 1 0 0
fn=vfprintf
0 24334379 46 46 7064820 11 11 5180869 7 7 4081895 106 313992 4
fn=write
0 264 1 1 132 0 0 0 0 0 132 0 0 0
summary: 305791312710 1054 1046 111149321039 4374716038 3465034120 15477031249 899757 733204 9291278643 385202 24690256810 12343774987
