desc: I1 cache:         32768 B, 64 B, 8-way associative
desc: D1 cache:         32768 B, 64 B, 8-way associative
desc: LL cache:         3145728 B, 64 B, 12-way associative
cmd: ./vm a.out
events: Ir I1mr ILmr Dr D1mr DLmr Dw D1mw DLmw Bc Bcm Bi Bim
fl=/home/matt/Varsity/Treatise/Work/Virtual Machines/Normal/../Common/utility.c
fn=file_to_memory
45 4 1 1 0 0 0 2 0 0 0 0 0 0
46 5 1 1 1 0 0 2 0 0 0 0 0 0
47 2 0 0 1 0 0 0 0 0 1 1 0 0
50 5 0 0 1 0 0 1 0 0 0 0 0 0
51 4 0 0 1 0 0 2 0 0 0 0 0 0
52 5 1 1 1 0 0 1 0 0 0 0 0 0
54 6 0 0 1 0 0 2 0 0 0 0 0 0
56 12 1 1 4 0 0 1 0 0 1 1 0 0
62 3 0 0 1 0 0 1 0 0 0 0 0 0
63 5 0 0 2 0 0 1 0 0 0 0 0 0
64 1 0 0 1 0 0 0 0 0 0 0 0 0
65 2 1 1 2 1 0 0 0 0 0 0 0 0
fn=main
7 5 1 1 0 0 0 3 0 0 0 0 0 0
8 7 0 0 3 0 0 1 0 0 0 0 0 0
fn=print_int
19 400000000 1 1 0 0 0 200000000 0 0 0 0 0 0
20 500000000 0 0 100000000 0 0 100000000 0 0 0 0 0 0
21 300000000 0 0 200000000 0 0 0 0 0 0 0 0 0
fl=/home/matt/Varsity/Treatise/Work/Virtual Machines/Normal//code.asm
fn=???
2 200001359 0 0 0 0 0 0 0 0 0 0 0 0
3 200001359 0 0 0 0 0 0 0 0 0 0 0 0
4 200001359 0 0 200001359 0 0 0 0 0 0 0 0 0
5 200001359 0 0 0 0 0 0 0 0 0 0 0 0
6 200001359 0 0 0 0 0 0 0 0 0 0 0 0
7 200001359 0 0 0 0 0 0 0 0 0 0 0 0
8 200001359 0 0 200001359 0 0 0 0 0 0 0 0 0
10 200001359 0 0 0 0 0 0 0 0 0 0 0 0
12 200001359 0 0 0 0 0 200001359 0 0 0 0 0 0
13 800005436 0 0 400002718 0 0 0 0 0 0 0 200001359 200000737
15 400001982 1 1 0 0 0 0 0 0 0 0 0 0
16 400001982 0 0 0 0 0 0 0 0 0 0 0 0
17 400001982 0 0 400001982 0 0 0 0 0 0 0 0 0
19 400001982 0 0 400001982 0 0 0 0 0 0 0 0 0
20 400001982 0 0 400001982 0 0 0 0 0 0 0 0 0
21 400001982 0 0 0 0 0 0 0 0 0 0 0 0
22 400001982 0 0 0 0 0 0 0 0 0 0 0 0
24 400001982 0 0 0 0 0 400001982 0 0 0 0 0 0
25 1600007928 1 1 800003964 1 1 0 0 0 0 0 400001982 400001982
65 623 1 1 0 0 0 0 0 0 0 0 0 0
66 623 1 1 0 0 0 0 0 0 0 0 0 0
67 623 0 0 623 0 0 0 0 0 0 0 0 0
69 623 0 0 623 0 0 0 0 0 0 0 0 0
70 623 0 0 623 0 0 0 0 0 0 0 0 0
71 623 0 0 0 0 0 0 0 0 0 0 0 0
72 623 0 0 0 0 0 0 0 0 0 0 0 0
74 623 0 0 0 0 0 623 0 0 0 0 0 0
75 2492 0 0 1246 0 0 0 0 0 0 0 623 1
94 300000736 1 1 0 0 0 0 0 0 0 0 0 0
95 300000736 0 0 0 0 0 0 0 0 0 0 0 0
97 300000736 0 0 300000736 0 0 0 0 0 0 0 0 0
98 300000736 0 0 300000736 0 0 0 0 0 0 0 0 0
99 300000736 0 0 0 0 0 0 0 0 0 0 0 0
100 300000736 0 0 300000736 0 0 0 0 0 0 0 0 0
101 300000736 0 0 0 0 0 0 0 0 0 0 0 0
102 300000736 0 0 0 0 0 0 0 0 0 0 0 0
103 300000736 0 0 0 0 0 300000736 0 0 0 0 0 0
104 300000736 0 0 0 0 0 300000736 0 0 0 0 0 0
105 300000736 0 0 0 0 0 0 0 0 0 0 0 0
107 1200002944 1 1 600001472 0 0 0 0 0 0 0 300000736 1
137 700002095 1 1 0 0 0 0 0 0 0 0 0 0
138 700002095 0 0 0 0 0 0 0 0 0 0 0 0
139 700002095 0 0 700002095 0 0 0 0 0 0 0 0 0
141 700002095 0 0 700002095 0 0 0 0 0 0 0 0 0
142 700002095 0 0 700002095 0 0 0 0 0 0 0 0 0
143 700002095 0 0 0 0 0 0 0 0 0 0 0 0
144 700002095 0 0 0 0 0 0 0 0 0 0 0 0
146 700002095 0 0 0 0 0 700002095 0 0 0 0 0 0
147 2800008380 0 0 1400004190 0 0 0 0 0 0 0 700002095 600001473
174 549995797 1 1 0 0 0 0 0 0 0 0 0 0
175 549995797 0 0 0 0 0 0 0 0 0 0 0 0
176 549995797 0 0 549995797 0 0 0 0 0 0 0 0 0
177 549995797 1 1 0 0 0 0 0 0 0 0 0 0
178 549995797 0 0 0 0 0 0 0 0 0 0 0 0
179 549995797 0 0 0 0 0 0 0 0 0 0 0 0
180 549995797 0 0 549995797 0 0 0 0 0 0 0 0 0
182 549995797 0 0 0 0 0 0 0 0 0 0 0 0
184 549995797 0 0 0 0 0 549995797 0 0 0 0 0 0
185 2199983188 0 0 1099991594 0 0 0 0 0 0 0 549995797 200160258
200 200000000 1 1 0 0 0 0 0 0 0 0 0 0
201 200000000 0 0 0 0 0 0 0 0 0 0 0 0
202 200000000 0 0 200000000 0 0 0 0 0 0 0 0 0
204 200000000 0 0 200000000 0 0 0 0 0 0 0 0 0
205 200000000 0 0 0 0 0 0 0 0 0 0 0 0
206 200000000 0 0 0 0 0 0 0 0 0 0 0 0
208 200000000 1 1 0 0 0 200000000 0 0 0 0 0 0
209 800000000 0 0 400000000 0 0 0 0 0 0 0 200000000 1
236 300000991 1 1 0 0 0 0 0 0 0 0 0 0
237 300000991 0 0 0 0 0 0 0 0 0 0 0 0
238 300000991 0 0 300000991 0 0 0 0 0 0 0 0 0
240 300000991 0 0 300000991 0 0 0 0 0 0 0 0 0
241 300000991 0 0 0 0 0 0 0 0 0 0 0 0
242 300000991 0 0 0 0 0 0 0 0 0 0 0 0
244 300000991 0 0 0 0 0 300000991 0 0 0 0 0 0
245 1200003964 0 0 600001982 1 1 0 0 0 0 0 300000991 320515
295 900002718 1 1 0 0 0 0 0 0 0 0 0 0
296 900002718 0 0 0 0 0 0 0 0 0 0 0 0
297 900002718 0 0 0 0 0 0 0 0 0 0 0 0
298 900002718 0 0 0 0 0 0 0 0 0 0 0 0
299 900002718 0 0 0 0 0 0 0 0 0 0 0 0
300 900002718 0 0 900002718 0 0 0 0 0 0 0 0 0
301 900002718 0 0 0 0 0 900002718 0 0 0 0 0 0
302 3600010872 0 0 1800005436 2 1 0 0 0 0 0 900002718 800002718
304 500001472 0 0 0 0 0 0 0 0 0 0 0 0
305 500001472 0 0 0 0 0 0 0 0 0 0 0 0
306 500001472 0 0 0 0 0 0 0 0 0 0 0 0
307 500001472 0 0 0 0 0 0 0 0 0 0 0 0
308 500001472 0 0 0 0 0 0 0 0 0 0 0 0
309 500001472 0 0 500001472 0 0 0 0 0 0 0 0 0
310 500001472 0 0 0 0 0 500001472 0 0 0 0 0 0
311 2000005888 0 0 1000002944 0 0 0 0 0 0 0 500001472 400001473
313 150155437 1 1 0 0 0 0 0 0 0 0 0 0
314 150155437 0 0 0 0 0 0 0 0 0 0 0 0
316 150155437 1 1 150155437 0 0 0 0 0 0 0 0 0
317 150155437 0 0 150155437 0 0 0 0 0 0 0 0 0
318 150155437 0 0 0 0 0 0 0 0 0 0 0 0
319 150155437 0 0 0 0 0 150155437 1 1 0 0 0 0
320 600621748 0 0 300310874 1 1 0 0 0 0 0 150155437 100230178
327 100000001 0 0 0 0 0 0 0 0 0 0 0 0
328 100000001 0 0 0 0 0 0 0 0 0 0 0 0
329 100000001 0 0 100000001 0 0 0 0 0 0 0 0 0
330 100000001 0 0 100000001 0 0 0 0 0 0 0 0 0
331 100000001 0 0 0 0 0 100000001 0 0 0 0 0 0
332 400000004 0 0 200000002 0 0 0 0 0 0 0 100000001 2
334 100160258 1 1 0 0 0 0 0 0 0 0 0 0
335 100160258 0 0 0 0 0 0 0 0 0 0 0 0
336 100160258 0 0 100160258 0 0 0 0 0 0 0 0 0
337 100160258 0 0 100160258 0 0 0 0 0 0 0 0 0
338 100160258 0 0 0 0 0 100160258 0 0 0 0 0 0
339 400641032 0 0 200320516 0 0 0 0 0 0 0 100160258 320516
341 100000002 0 0 0 0 0 0 0 0 0 0 0 0
342 100000002 0 0 0 0 0 0 0 0 0 0 0 0
343 100000002 0 0 100000002 0 0 0 0 0 0 0 0 0
344 100000002 0 0 100000002 0 0 0 0 0 0 0 0 0
345 100000002 0 0 0 0 0 100000002 0 0 0 0 0 0
346 400000008 0 0 200000004 1 0 0 0 0 0 0 100000002 2
348 1 1 1 0 0 0 0 0 0 0 0 0 0
349 1 0 0 0 0 0 0 0 0 0 0 0 0
350 1 1 1 1 0 0 0 0 0 0 0 0 0
351 1 0 0 1 0 0 0 0 0 0 0 0 0
352 1 0 0 0 0 0 1 0 0 0 0 0 0
353 4 0 0 2 0 0 0 0 0 0 0 1 1
399 400001727 1 1 0 0 0 0 0 0 0 0 0 0
400 400001727 0 0 0 0 0 0 0 0 0 0 0 0
401 400001727 0 0 0 0 0 0 0 0 0 0 0 0
402 400001727 0 0 0 0 0 0 0 0 0 0 0 0
403 400001727 0 0 0 0 0 0 0 0 0 0 0 0
404 400001727 0 0 400001727 0 0 0 0 0 0 0 0 0
405 400001727 0 0 0 0 0 0 0 0 0 0 0 0
406 400001727 0 0 0 0 0 0 0 0 0 0 0 0
407 400001727 0 0 0 0 0 0 0 0 0 0 0 0
408 400001727 0 0 400001727 0 0 0 0 0 0 0 0 0
409 400001727 0 0 400001727 0 0 0 0 0 0 0 0 0
410 400001727 0 0 0 0 0 400001727 0 0 0 0 0 0
411 1600006908 1 1 800003454 0 0 0 0 0 0 0 400001727 200160994
427 100000992 1 1 0 0 0 0 0 0 0 0 0 0
428 100000992 0 0 0 0 0 0 0 0 0 0 0 0
429 100000992 0 0 100000992 0 0 0 0 0 0 0 0 0
430 100000992 0 0 0 0 0 0 0 0 0 0 0 0
431 100000992 0 0 0 0 0 0 0 0 0 0 0 0
432 100000992 0 0 0 0 0 0 0 0 0 0 0 0
433 100000992 0 0 100000992 0 0 0 0 0 0 0 0 0
434 100000992 0 0 0 0 0 0 0 0 0 0 0 0
435 100000992 0 0 0 0 0 0 0 0 0 0 0 0
436 100000992 1 1 0 0 0 0 0 0 0 0 0 0
437 100000992 0 0 100000992 0 0 0 0 0 0 0 0 0
438 100000992 0 0 0 0 0 100000992 77 77 0 0 0 0
439 400003968 0 0 200001984 0 0 0 0 0 0 0 100000992 2
530 400001359 1 1 0 0 0 0 0 0 0 0 0 0
531 400001359 1 1 0 0 0 0 0 0 0 0 0 0
532 400001359 0 0 400001359 0 0 0 0 0 0 0 0 0
534 400001359 0 0 400001359 0 0 0 0 0 0 0 0 0
535 400001359 0 0 400001359 0 0 0 0 0 0 0 0 0
536 400001359 0 0 0 0 0 0 0 0 0 0 0 0
537 400001359 0 0 0 0 0 0 0 0 400001359 50158687 0 0
538 250006553 0 0 0 0 0 0 0 0 250006553 200197 0 0
540 199680475 0 0 199680475 0 0 0 0 0 0 0 0 0
541 199680475 0 0 0 0 0 0 0 0 0 0 0 0
543 50326078 0 0 50326078 0 0 0 0 0 0 0 0 0
544 50326078 0 0 0 0 0 0 0 0 0 0 0 0
546 149994806 0 0 149994806 0 0 0 0 0 0 0 0 0
548 400001359 0 0 0 0 0 0 0 0 0 0 0 0
549 1600005436 1 1 800002718 0 0 0 0 0 0 0 400001359 399840482
582 100160258 1 1 100160258 0 0 0 0 0 0 0 0 0
583 100160258 0 0 0 0 0 0 0 0 0 0 0 0
584 100160258 0 0 0 0 0 0 0 0 0 0 0 0
585 100160258 0 0 100160258 0 0 0 0 0 0 0 0 0
586 100160258 0 0 0 0 0 0 0 0 0 0 0 0
587 100160258 0 0 0 0 0 0 0 0 0 0 0 0
588 100160258 0 0 0 0 0 0 0 0 0 0 0 0
590 100160258 0 0 0 0 0 100160258 0 0 0 0 0 0
591 100160258 0 0 0 0 0 100160258 0 0 0 0 0 0
592 100160258 0 0 0 0 0 100160258 0 0 0 0 0 0
593 100160258 0 0 0 0 0 100160258 0 0 0 0 0 0
594 100160258 0 0 100160258 0 0 0 0 0 0 0 0 0
595 100160258 0 0 100160258 0 0 0 0 0 0 0 0 0
596 100160258 0 0 100160258 0 0 0 0 0 0 0 0 0
598 100160258 0 0 0 0 0 0 0 0 0 0 0 0
599 100160258 0 0 100160258 0 0 0 0 0 0 0 0 0
600 100160258 0 0 100160258 0 0 0 0 0 0 0 0 0
601 100160258 1 1 100160258 0 0 0 0 0 0 0 0 0
602 100160258 0 0 100160258 0 0 0 0 0 0 0 0 0
603 100160258 0 0 0 0 0 100160258 0 0 0 0 0 0
604 100160258 0 0 0 0 0 100160258 0 0 0 0 0 0
605 100160258 0 0 0 0 0 100160258 0 0 0 0 0 0
606 100160258 0 0 0 0 0 100160258 0 0 0 0 0 0
607 100160258 0 0 0 0 0 100160258 0 0 0 0 0 0
608 100160258 0 0 0 0 0 100160258 0 0 0 0 0 0
609 100160258 0 0 0 0 0 100160258 0 0 0 0 0 0
610 100160258 0 0 0 0 0 100160258 0 0 0 0 0 0
611 100160258 0 0 0 0 0 100160258 0 0 0 0 0 0
612 100160258 0 0 0 0 0 100160258 0 0 0 0 0 0
613 100160258 0 0 0 0 0 0 0 0 0 0 0 0
614 100160258 0 0 0 0 0 0 0 0 0 0 0 0
615 100160258 0 0 0 0 0 0 0 0 0 0 0 0
616 100160258 0 0 0 0 0 0 0 0 0 0 0 0
618 100160258 1 1 0 0 0 0 0 0 0 0 0 0
619 100160258 0 0 0 0 0 100160258 0 0 0 0 0 0
621 100160258 0 0 0 0 0 0 0 0 0 0 0 0
622 100160258 0 0 100160258 0 0 0 0 0 0 0 0 0
623 100160258 0 0 0 0 0 0 0 0 0 0 0 0
624 100160258 0 0 100160258 0 0 0 0 0 0 0 0 0
626 100160258 0 0 0 0 0 0 0 0 0 0 0 0
627 100160258 0 0 0 0 0 0 0 0 0 0 0 0
628 100160258 0 0 0 0 0 0 0 0 0 0 0 0
629 100160258 0 0 0 0 0 0 0 0 0 0 0 0
630 100160258 0 0 0 0 0 0 0 0 0 0 0 0
631 100160258 0 0 0 0 0 0 0 0 0 0 0 0
633 100160258 0 0 0 0 0 0 0 0 0 0 0 0
635 300320517 0 0 0 0 0 0 0 0 300320517 160260 0 0
636 200160259 0 0 200160259 0 0 200160259 0 0 0 0 0 0
637 200160259 0 0 0 0 0 0 0 0 0 0 0 0
638 200160259 0 0 0 0 0 0 0 0 0 0 0 0
641 100160258 0 0 0 0 0 0 0 0 0 0 0 0
643 100160258 0 0 0 0 0 0 0 0 0 0 0 0
644 100160258 0 0 0 0 0 0 0 0 0 0 0 0
645 100160258 1 1 0 0 0 0 0 0 0 0 0 0
646 100160258 0 0 0 0 0 0 0 0 0 0 0 0
647 100160258 0 0 0 0 0 0 0 0 0 0 0 0
648 100160258 0 0 0 0 0 0 0 0 0 0 0 0
649 400641032 0 0 200320516 0 0 0 0 0 0 0 100160258 1
651 100160259 0 0 0 0 0 0 0 0 0 0 0 0
652 100160259 0 0 0 0 0 0 0 0 0 0 0 0
654 100160259 0 0 100160259 0 0 0 0 0 0 0 0 0
655 100160259 0 0 100160259 0 0 0 0 0 0 0 0 0
656 100160259 0 0 100160259 0 0 0 0 0 0 0 0 0
657 100160259 0 0 100160259 0 0 0 0 0 0 0 0 0
658 100160259 0 0 0 0 0 100160259 0 0 0 0 0 0
659 100160259 1 1 0 0 0 100160259 0 0 0 0 0 0
660 100160259 0 0 0 0 0 100160259 0 0 0 0 0 0
661 100160259 0 0 0 0 0 100160259 0 0 0 0 0 0
662 100160259 0 0 100160259 0 0 0 0 0 0 0 0 0
663 100160259 0 0 100160259 0 0 0 0 0 0 0 0 0
665 100160259 0 0 0 0 0 100160259 0 0 0 0 0 0
666 100160259 0 0 0 0 0 100160259 0 0 0 0 0 0
667 100160259 0 0 100160259 0 0 0 0 0 0 0 0 0
669 100160259 0 0 0 0 0 0 0 0 0 0 0 0
670 100160259 0 0 0 0 0 0 0 0 100160259 1 0 0
672 100160258 0 0 0 0 0 0 0 0 0 0 0 0
673 400641032 0 0 200320516 0 0 0 0 0 0 0 100160258 320515
723 1 1 1 0 0 0 0 0 0 0 0 0 0
724 1 0 0 0 0 0 0 0 0 0 0 0 0
725 1 0 0 0 0 0 0 0 0 0 0 0 0
726 1 0 0 0 0 0 0 0 0 0 0 0 0
727 1 0 0 0 0 0 0 0 0 0 0 0 0
728 1 0 0 1 0 0 0 0 0 0 0 0 0
730 1 1 1 0 0 0 0 0 0 0 0 0 0
731 1 0 0 0 0 0 0 0 0 0 0 0 0
732 1 0 0 0 0 0 1 0 0 0 0 0 0
733 1 0 0 0 0 0 1 0 0 0 0 0 0
734 1 0 0 0 0 0 1 0 0 0 0 0 0
735 1 0 0 0 0 0 1 0 0 0 0 0 0
736 1 0 0 1 0 0 0 0 0 0 0 0 0
737 1 0 0 1 0 0 0 0 0 0 0 0 0
738 1 0 0 1 0 0 0 0 0 0 0 0 0
739 1 0 0 0 0 0 1 1 0 0 0 0 0
740 1 0 0 0 0 0 0 0 0 0 0 0 0
741 1 0 0 0 0 0 1 1 1 0 0 0 0
742 1 0 0 0 0 0 0 0 0 0 0 0 0
743 4 0 0 2 1 1 0 0 0 0 0 1 1
796 100000000 1 1 0 0 0 100000000 0 0 0 0 0 0
797 100000000 1 1 0 0 0 0 0 0 0 0 0 0
798 100000000 0 0 100000000 0 0 0 0 0 0 0 0 0
799 100000000 0 0 0 0 0 100000000 0 0 0 0 0 0
800 100000000 0 0 100000000 0 0 0 0 0 0 0 0 0
801 400000000 0 0 200000000 0 0 0 0 0 0 0 100000000 1
fl=/home/matt/Varsity/Treatise/Work/Virtual Machines/Normal//vm.asm
fn=???
28 1 1 1 0 0 0 0 0 0 0 0 0 0
29 1 0 0 0 0 0 1 0 0 0 0 0 0
31 1 0 0 0 0 0 0 0 0 0 0 0 0
32 1 0 0 0 0 0 0 0 0 1 0 0 0
35 1 0 0 0 0 0 0 0 0 0 0 0 0
38 1 0 0 1 0 0 0 0 0 0 0 0 0
40 1 1 1 0 0 0 0 0 0 0 0 0 0
41 1 0 0 0 0 0 0 0 0 0 0 0 0
42 1 0 0 0 0 0 0 0 0 0 0 0 0
43 1 0 0 0 0 0 0 0 0 0 0 0 0
44 1 0 0 0 0 0 0 0 0 0 0 0 0
46 1 0 0 0 0 0 0 0 0 0 0 0 0
47 1 0 0 0 0 0 0 0 0 0 0 0 0
48 1 0 0 0 0 0 0 0 0 0 0 0 0
49 1 0 0 0 0 0 1 0 0 0 0 0 0
50 1 0 0 0 0 0 1 0 0 0 0 0 0
51 1 0 0 0 0 0 1 0 0 0 0 0 0
52 1 0 0 0 0 0 0 0 0 0 0 0 0
53 1 0 0 1 0 0 0 0 0 0 0 0 0
54 1 0 0 0 0 0 0 0 0 0 0 0 0
55 1 0 0 0 0 0 0 0 0 0 0 0 0
56 1 0 0 0 0 0 1 0 0 0 0 0 0
57 1 0 0 0 0 0 0 0 0 0 0 0 0
58 1 0 0 0 0 0 0 0 0 0 0 0 0
59 1 0 0 0 0 0 0 0 0 0 0 0 0
60 1 1 1 0 0 0 1 0 0 0 0 0 0
64 1 0 0 0 0 0 0 0 0 0 0 0 0
66 4 0 0 2 1 1 0 0 0 0 0 1 1
78 1 0 0 0 0 0 0 0 0 0 0 0 0
79 1 0 0 0 0 0 1 0 0 0 0 0 0
fl=???
fn=(below main)
0 58 4 4 17 2 0 16 0 0 7 0 2 2
fn=???
0 300320729 27 18 300320626 8 0 36 1 1 11 5 300320590 25
fn=_Exit
0 8 2 2 1 0 0 0 0 0 0 0 0 0
fn=_IO_cleanup
0 100 8 8 30 1 0 17 0 0 21 11 1 1
fn=_IO_default_finish
0 19 3 3 7 0 0 2 0 0 4 3 0 0
fn=_IO_default_setbuf
0 38 4 4 8 0 0 14 0 0 4 2 1 1
fn=_IO_default_xsputn
0 15944896 3 3 3291328 0 0 2779584 0 0 2523712 304328 0 0
fn=_IO_do_write@@GLIBC_2.2.5
0 13942812 5 5 4021965 0 0 2949441 1 0 1876917 12270 268131 1
fn=_IO_doallocbuf
0 36 2 2 16 0 0 8 1 0 6 4 2 1
fn=_IO_file_close
0 2 1 1 1 0 0 0 0 0 0 0 0 0
fn=_IO_file_close_it@@GLIBC_2.2.5
0 48 4 4 10 0 0 16 0 0 4 2 1 1
fn=_IO_file_doallocate
0 102 5 4 22 2 0 14 1 0 12 2 2 1
fn=_IO_file_finish@@GLIBC_2.2.5
0 8 2 2 2 0 0 1 0 0 1 1 0 0
fn=_IO_file_fopen@@GLIBC_2.2.5
0 76 9 9 13 1 1 11 0 0 15 5 0 0
fn=_IO_file_init@@GLIBC_2.2.5
0 13 2 2 4 0 0 5 0 0 0 0 0 0
fn=_IO_file_overflow@@GLIBC_2.2.5
0 6168615 8 8 1670089 0 0 841182 0 0 1133825 63395 0 0
fn=_IO_file_read
0 4 1 1 2 0 0 0 0 0 1 1 0 0
fn=_IO_file_seek
0 4 1 1 2 0 0 0 0 0 0 0 0 0
fn=_IO_file_seekoff@@GLIBC_2.2.5
0 213 16 16 61 0 0 39 0 0 36 13 4 4
fn=_IO_file_setbuf@@GLIBC_2.2.5
0 15 1 1 3 0 0 8 0 0 1 0 0 0
fn=_IO_file_stat
0 12 1 1 3 0 0 0 0 0 0 0 0 0
fn=_IO_file_sync@@GLIBC_2.2.5
0 13 3 3 6 0 0 2 0 0 2 1 0 0
fn=_IO_file_write@@GLIBC_2.2.5
0 9652716 2 2 2145048 0 0 1340655 0 0 1340655 6 0 0
fn=_IO_file_xsgetn
0 33 4 4 10 0 0 6 0 0 3 1 0 0
fn=_IO_file_xsputn@@GLIBC_2.2.5
0 9805918917 6 6 2101023488 0 0 1600413910 0 0 1100925654 169083 255872 2
fn=_IO_flush_all_lockp
0 96 8 8 27 6 2 13 0 0 22 15 1 1
fn=_IO_link_in
0 85 9 9 30 3 2 16 0 0 18 10 0 0
fn=_IO_no_init
0 33 3 3 5 0 0 20 2 2 1 0 0 0
fn=_IO_old_init
0 25 3 3 2 0 0 19 2 2 1 0 0 0
fn=_IO_seekoff_unlocked
0 47 2 2 11 1 0 3 0 0 10 3 3 1
fn=_IO_setb
0 76 1 1 19 0 0 18 0 0 4 3 0 0
fn=_IO_sgetn
0 3 1 1 2 0 0 0 0 0 0 0 1 1
fn=_IO_un_link
0 91 11 11 32 0 0 15 0 0 20 11 0 0
fn=_IO_unsave_markers
0 7 2 2 3 0 0 0 0 0 2 2 0 0
fn=__GI_memcpy
0 183 5 5 161 21 19 159 19 19 165 10 0 0
fn=__GI_mempcpy
0 4083013723 3 3 496040609 0 0 296089526 42 42 1199706498 94723828 0 0
fn=__GI_strstr
0 24 6 6 9 1 1 6 0 0 2 2 0 0
fn=__call_tls_dtors
0 12 3 3 5 0 0 4 0 0 1 1 0 0
fn=__close_nocancel
0 5 1 1 1 0 0 0 0 0 1 0 0 0
fn=__ctype_init
0 16 2 2 10 1 0 3 0 0 0 0 0 0
fn=__cxa_atexit
0 22 2 2 5 0 0 8 0 0 1 0 0 0
fn=__cxa_finalize
0 46 4 4 12 2 0 6 0 0 7 2 0 0
fn=__default_morecore
0 14 1 1 2 0 0 2 0 0 0 0 0 0
fn=__fopen_internal
0 39 3 3 4 0 0 10 1 1 2 0 0 0
fn=__fopen_maybe_mmap
0 4 1 1 2 1 0 0 0 0 1 1 0 0
fn=__init_cpu_features
0 79 9 9 9 2 2 13 0 0 13 5 1 1
fn=__init_misc
0 24 2 2 7 0 0 5 1 0 2 0 0 0
fn=__libc_csu_init
0 34 2 2 8 1 0 8 0 0 2 0 1 1
fn=__libc_memalign
0 535 4 4 104 0 0 102 1 1 60 20 0 0
fn=__linkin_atfork
0 9 2 2 4 2 0 1 0 0 2 1 0 0
fn=__lseek_nocancel
0 10 0 0 2 0 0 0 0 0 2 0 0 0
fn=__new_exitfn
0 38 6 6 11 5 3 5 0 0 7 6 0 0
fn=__open_nocancel
0 5 1 1 1 0 0 0 0 0 1 0 0 0
fn=__overflow
0 73554 2 2 36777 0 0 0 0 0 12259 2 12259 1
fn=__read_nocancel
0 5 0 0 1 0 0 0 0 0 1 1 0 0
fn=__run_exit_handlers
0 56 5 5 9 3 0 10 0 0 9 2 2 2
fn=__sigjmp_save
0 9 0 0 2 0 0 2 0 0 1 1 0 0
fn=__sigsetjmp
0 79 4 4 19 0 0 32 1 1 0 0 0 0
fn=__tls_get_addr
0 11 2 2 7 2 0 0 0 0 2 0 0 0
fn=__unregister_atfork
0 13 2 1 5 0 0 1 0 0 3 2 0 0
fn=__write_nocancel
0 1340655 0 0 268131 0 0 0 0 0 268131 0 0 0
fn=_dl_add_to_namespace_list
0 103 2 2 29 0 0 23 0 0 8 5 6 2
fn=_dl_add_to_slotinfo
0 24 2 2 9 3 0 6 0 0 1 0 0 0
fn=_dl_addr
0 56044 10 10 13650 1011 858 17 3 0 12809 1988 2 2
fn=_dl_allocate_tls_init
0 78 6 6 25 2 0 13 0 0 8 2 0 0
fn=_dl_allocate_tls_storage
0 323 3 3 7 0 0 296 37 37 290 10 0 0
fn=_dl_cache_libcmp
0 735 4 4 112 10 10 0 0 0 203 35 0 0
fn=_dl_catch_error
0 120 4 4 33 0 0 60 6 6 3 0 6 3
fn=_dl_check_all_versions
0 75 2 2 13 0 0 8 0 0 9 3 0 0
fn=_dl_check_map_versions
0 1233 13 13 403 6 6 167 13 13 146 53 0 0
fn=_dl_count_modids
0 4 1 1 3 0 0 0 0 0 1 0 0 0
fn=_dl_debug_initialize
0 41 3 3 13 2 1 4 0 0 12 11 0 0
fn=_dl_debug_state
0 2 0 0 2 0 0 0 0 0 0 0 0 0
fn=_dl_determine_tlsoffset
0 56 5 5 11 0 0 8 0 0 4 1 0 0
fn=_dl_discover_osversion
0 80 5 5 14 1 1 7 1 1 14 8 0 0
fn=_dl_find_dso_for_object
0 30 3 3 12 0 0 0 0 0 11 5 0 0
fn=_dl_fini
0 257 10 10 88 17 0 36 3 0 48 10 6 6
fn=_dl_fixup
0 883 6 6 348 36 5 110 0 0 99 12 0 0
fn=_dl_important_hwcaps
0 259 18 18 51 0 0 44 2 2 31 14 0 0
fn=_dl_init
0 86 5 5 24 1 0 12 0 0 12 5 0 0
fn=_dl_init_paths
0 91 10 10 14 0 0 33 2 2 7 3 0 0
fn=_dl_initial_error_catch_tsd
0 8 0 0 4 0 0 0 0 0 0 0 0 0
fn=_dl_load_cache_lookup
0 323 15 15 58 9 9 32 0 0 56 9 0 0
fn=_dl_lookup_symbol_x
0 19721 10 10 4264 104 90 2473 9 0 2322 164 0 0
fn=_dl_map_object
0 415 26 26 86 0 0 67 5 5 68 22 0 0
fn=_dl_map_object_deps
0 1082 37 37 224 1 1 124 1 1 233 50 0 0
fn=_dl_map_object_from_fd
0 1729 49 49 363 16 16 199 24 24 336 94 0 0
fn=_dl_name_match_p
0 1535 3 3 397 3 0 228 1 0 229 39 0 0
fn=_dl_new_object
0 605 15 15 106 4 4 115 25 25 90 43 0 0
fn=_dl_next_ld_env_entry
0 343 2 2 118 26 26 1 0 0 114 21 0 0
fn=_dl_next_tls_modid
0 6 1 1 3 0 0 1 0 0 1 0 0 0
fn=_dl_receive_error
0 28 2 2 10 0 0 12 0 0 0 0 2 2
fn=_dl_relocate_object
0 18882 51 51 5173 672 616 2418 253 241 2789 144 111 13
fn=_dl_runtime_resolve
0 319 4 4 99 0 0 88 0 0 0 0 11 11
fn=_dl_setup_hash
0 88 2 2 28 5 5 24 0 0 4 0 0 0
fn=_dl_sort_fini
0 170 6 6 51 1 0 20 0 0 27 8 0 0
fn=_dl_start
0 620 16 16 128 25 23 55 16 16 110 30 7 1
fn=_dl_sysdep_read_whole_file
0 41 3 3 6 1 1 9 0 0 3 1 0 0
fn=_dl_sysdep_start
0 483 16 15 128 19 17 41 5 5 105 23 18 14
fn=_dl_sysdep_start_cleanup
0 1 1 0 1 0 0 0 0 0 0 0 0 0
fn=_dl_unload_cache
0 10 2 1 3 1 0 2 0 0 1 1 0 0
fn=_dl_vdso_vsym
0 24 2 2 12 1 0 0 0 0 4 4 0 0
fn=_fxstat
0 60 2 2 6 0 0 0 0 0 12 0 0 0
fn=_init
0 60 5 5 14 2 0 18 4 3 4 2 0 0
fn=_int_malloc
0 5208334496 49 49 1402243741 6 3 701121990 4 4 801282206 76 2 2
fn=_itoa_word
0 12379152160 3 3 1048262680 1 1 948262680 0 0 1048262680 100023215 0 0
fn=_setjmp
0 2 1 1 0 0 0 0 0 0 0 0 0 0
fn=_start
0 11 1 1 1 0 0 3 0 0 0 0 0 0
fn=access
0 9 1 1 1 0 0 1 0 0 1 1 0 0
fn=bcmp
0 1041 12 12 244 11 11 76 3 3 182 59 0 0
fn=brk
0 47 3 3 7 0 0 4 1 1 8 0 0 0
fn=call_init.part.0
0 155 4 4 58 4 0 28 0 0 17 3 4 4
fn=calloc
0 64 1 1 0 0 0 0 0 0 8 8 0 0
fn=check_match.isra.0
0 5440 7 6 1904 44 16 613 6 0 809 28 0 0
fn=close
0 15 1 1 3 0 0 0 0 0 3 0 0 0
fn=dl_main
0 1056 73 73 213 25 18 140 17 17 213 82 1 1
fn=do_lookup_x
0 27045 17 17 9443 203 134 4190 8 0 3917 292 0 0
fn=do_preload
0 28 3 3 7 0 0 8 0 0 1 1 0 0
fn=exit
0 4 1 1 0 0 0 1 0 0 0 0 0 0
fn=fclose@@GLIBC_2.2.5
0 65 8 8 26 2 0 9 0 0 15 8 1 1
fn=fopen@@GLIBC_2.2.5
0 2 1 1 0 0 0 0 0 0 0 0 0 0
fn=fread
0 52 6 6 18 0 0 7 0 0 10 5 0 0
fn=free
0 7211538748 15 15 1903044948 0 0 701121825 0 0 1602564170 25 0 0
fn=fseek
0 78 4 4 30 0 0 8 0 0 16 10 0 0
fn=ftell
0 41 6 6 15 0 0 4 0 0 10 7 0 0
fn=gettimeofday
0 14 1 1 1 0 0 5 0 0 0 0 0 0
fn=handle_intel.isra.0
0 94 5 5 14 0 0 26 0 0 6 2 0 0
fn=index
0 163 5 5 21 2 2 0 0 0 12 4 0 0
fn=init_cacheinfo
0 147 8 8 6 0 0 12 1 1 24 8 0 0
fn=init_tls
0 65 4 4 14 0 0 13 1 1 12 6 0 0
fn=intel_check_word
0 904 10 10 82 6 6 16 0 0 236 57 0 0
fn=isatty
0 8 1 1 1 0 0 1 1 0 0 0 0 0
fn=lseek
0 4 1 1 2 0 0 0 0 0 2 0 0 0
fn=malloc
0 3305288679 4 4 1101762876 2 0 300480785 0 0 701121828 34 1 1
fn=malloc_consolidate
0 651 4 4 3 0 0 257 32 32 129 10 0 0
fn=malloc_hook_ini
0 38 4 4 12 3 1 5 0 0 8 6 0 0
fn=map_doit
0 14 1 1 5 0 0 3 0 0 0 0 0 0
fn=match_symbol
0 356 5 5 140 14 14 36 0 0 92 12 0 0
fn=memcpy
0 379 6 6 58 0 0 45 8 8 100 55 0 0
fn=memcpy@GLIBC_2.2.5
0 17 2 2 4 0 0 0 0 0 3 0 0 0
fn=mempcpy
0 143 5 5 21 1 1 16 3 3 38 20 0 0
fn=memset
0 2510 1 1 11 0 0 2444 39 39 2455 54 0 0
fn=mmap
0 66 3 3 11 0 0 0 0 0 11 0 0 0
fn=mprotect
0 30 1 1 6 0 0 0 0 0 6 0 0 0
fn=munmap
0 10 0 0 2 0 0 0 0 0 2 0 0 0
fn=open
0 17 2 2 4 0 0 0 0 0 4 0 0 0
fn=open_verify
0 409 12 12 88 6 6 42 1 1 71 22 0 0
fn=openaux
0 34 2 2 16 0 0 6 0 0 0 0 0 0
fn=printf
0 2100000000 4 4 300000000 1 0 1000000000 0 0 100000000 3 0 0
fn=ptmalloc_init.part.8
0 385 7 7 126 41 1 15 4 2 117 21 0 0
fn=read
0 12 2 2 3 0 0 0 0 0 3 0 0 0
fn=rindex
0 24 2 2 2 1 0 0 0 0 3 0 0 0
fn=rtld_lock_default_lock_recursive
0 10 1 1 10 2 1 0 0 0 0 0 0 0
fn=rtld_lock_default_unlock_recursive
0 10 0 0 10 1 0 0 0 0 0 0 0 0
fn=sbrk
0 69 4 4 20 2 0 11 2 1 13 4 0 0
fn=strcasecmp
0 7 2 2 3 1 1 1 0 0 2 1 0 0
fn=strchrnul
0 4000000000 2 2 400000000 0 0 0 0 0 400000000 0 0 0
fn=strcmp
0 11936 1 1 3582 36 17 0 0 0 3220 249 0 0
fn=strdup
0 34 1 1 4 0 0 8 0 0 2 0 0 0
fn=strlen
0 591 4 4 68 0 0 0 0 0 145 38 0 0
fn=strncasecmp
0 6 2 2 3 0 0 0 0 0 2 2 0 0
fn=strsep
0 800 2 2 250 0 0 1 0 0 248 15 0 0
fn=tcgetattr
0 15 3 3 2 0 0 1 0 0 1 1 0 0
fn=time
0 14 2 2 1 0 0 5 0 0 0 0 0 0
fn=uname
0 5 1 1 1 0 0 0 0 0 1 0 0 0
fn=version_check_doit
0 10 1 1 4 0 0 2 0 0 1 1 0 0
fn=vfprintf
0 31450009784 48 48 9049998363 9 4 6749982831 9 2 5200012258 100018411 400000000 4
fn=write
0 536262 1 1 268131 0 0 0 0 0 268131 0 0 0
summary: 157058021795 1056 1041 44119445127 2477 1962 20409252559 703 644 13211820509 345837884 6401505120 3301361969
