desc: I1 cache:         32768 B, 64 B, 8-way associative
desc: D1 cache:         32768 B, 64 B, 8-way associative
desc: LL cache:         3145728 B, 64 B, 12-way associative
cmd: ./vm a.out
events: Ir I1mr ILmr Dr D1mr DLmr Dw D1mw DLmw Bc Bcm Bi Bim
fl=/home/matt/Varsity/Treatise/Work/Virtual Machines/Normal/../Common/utility.c
fn=file_to_memory
45 4 1 1 0 0 0 2 0 0 0 0 0 0
46 5 1 1 1 0 0 2 0 0 0 0 0 0
47 2 0 0 1 0 0 0 0 0 1 1 0 0
50 5 0 0 1 0 0 1 0 0 0 0 0 0
51 4 0 0 1 0 0 2 0 0 0 0 0 0
52 5 1 1 1 0 0 1 0 0 0 0 0 0
54 6 0 0 1 0 0 2 0 0 0 0 0 0
56 12 1 1 4 0 0 1 0 0 1 1 0 0
62 3 0 0 1 0 0 1 0 0 0 0 0 0
63 5 0 0 2 0 0 1 0 0 0 0 0 0
64 1 0 0 1 0 0 0 0 0 0 0 0 0
65 2 1 1 2 1 0 0 0 0 0 0 0 0
fn=main
7 5 1 1 0 0 0 3 0 0 0 0 0 0
8 7 0 0 3 0 0 1 0 0 0 0 0 0
fn=print_int
19 4 1 1 0 0 0 2 0 0 0 0 0 0
20 5 0 0 1 0 0 1 0 0 0 0 0 0
21 3 0 0 2 0 0 0 0 0 0 0 0 0
fl=/home/matt/Varsity/Treatise/Work/Virtual Machines/Normal//code.asm
fn=???
15 4294443249 1 1 0 0 0 0 0 0 0 0 0 0
16 4294443249 0 0 0 0 0 0 0 0 0 0 0 0
17 4294443249 0 0 4294443249 0 0 0 0 0 0 0 0 0
19 4294443249 0 0 4294443249 0 0 0 0 0 0 0 0 0
20 4294443249 0 0 4294443249 0 0 0 0 0 0 0 0 0
21 4294443249 0 0 0 0 0 0 0 0 0 0 0 0
22 4294443249 0 0 0 0 0 0 0 0 0 0 0 0
24 4294443249 0 0 0 0 0 4294443249 0 0 0 0 0 0
25 17177772996 1 1 8588886498 0 0 0 0 0 0 0 4294443249 2862918480
295 1431459240 1 1 0 0 0 0 0 0 0 0 0 0
296 1431459240 0 0 0 0 0 0 0 0 0 0 0 0
297 1431459240 0 0 0 0 0 0 0 0 0 0 0 0
298 1431459240 0 0 0 0 0 0 0 0 0 0 0 0
299 1431459240 0 0 0 0 0 0 0 0 0 0 0 0
300 1431459240 0 0 1431459240 0 0 0 0 0 0 0 0 0
301 1431459240 0 0 0 0 0 1431459240 64219 23386 0 0 0 0
302 5725836960 0 0 2862918480 0 0 0 0 0 0 0 1431459240 1
313 65533 1 1 0 0 0 0 0 0 0 0 0 0
314 65533 0 0 0 0 0 0 0 0 0 0 0 0
316 65533 1 1 65533 0 0 0 0 0 0 0 0 0
317 65533 0 0 65533 0 0 0 0 0 0 0 0 0
318 65533 0 0 0 0 0 0 0 0 0 0 0 0
319 65533 0 0 0 0 0 65533 1 1 0 0 0 0
320 262132 0 0 131066 0 0 0 0 0 0 0 65533 2
327 5725968020 1 1 0 0 0 0 0 0 0 0 0 0
328 5725968020 0 0 0 0 0 0 0 0 0 0 0 0
329 5725968020 0 0 5725968020 0 0 0 0 0 0 0 0 0
330 5725968020 0 0 5725968020 0 0 0 0 0 0 0 0 0
331 5725968020 0 0 0 0 0 5725968020 0 0 0 0 0 0
332 22903872080 0 0 11451936040 1 1 0 0 0 0 0 5725968020 5725968020
341 4294508781 1 1 0 0 0 0 0 0 0 0 0 0
342 4294508781 0 0 0 0 0 0 0 0 0 0 0 0
343 4294508781 0 0 4294508781 0 0 0 0 0 0 0 0 0
344 4294508781 0 0 4294508781 0 0 0 0 0 0 0 0 0
345 4294508781 0 0 0 0 0 4294508781 353458372 89052875 0 0 0 0
346 17178035124 0 0 8589017562 1 1 0 0 0 0 0 4294508781 2863049542
530 4294508780 1 1 0 0 0 0 0 0 0 0 0 0
531 4294508780 1 1 0 0 0 0 0 0 0 0 0 0
532 4294508780 0 0 4294508780 0 0 0 0 0 0 0 0 0
534 4294508780 0 0 4294508780 0 0 0 0 0 0 0 0 0
535 4294508780 0 0 4294508780 0 0 0 0 0 0 0 0 0
536 4294508780 0 0 0 0 0 0 0 0 0 0 0 0
537 4294508780 0 0 0 0 0 0 0 0 4294508780 327555 0 0
538 1431524771 0 0 0 0 0 0 0 0 1431524771 4 0 0
543 1431524771 0 0 1431524771 0 0 0 0 0 0 0 0 0
544 1431524771 0 0 0 0 0 0 0 0 0 0 0 0
546 2862984009 0 0 2862984009 0 0 0 0 0 0 0 0 0
548 4294508780 0 0 0 0 0 0 0 0 0 0 0 0
549 17178035120 1 1 8589017560 1 0 0 0 0 0 0 4294508780 2863049540
582 2862984010 1 1 2862984010 0 0 0 0 0 0 0 0 0
583 2862984010 0 0 0 0 0 0 0 0 0 0 0 0
584 2862984010 0 0 0 0 0 0 0 0 0 0 0 0
585 2862984010 0 0 2862984010 0 0 0 0 0 0 0 0 0
586 2862984010 0 0 0 0 0 0 0 0 0 0 0 0
587 2862984010 0 0 0 0 0 0 0 0 0 0 0 0
588 2862984010 0 0 0 0 0 0 0 0 0 0 0 0
590 2862984010 0 0 0 0 0 2862984010 0 0 0 0 0 0
591 2862984010 0 0 0 0 0 2862984010 0 0 0 0 0 0
592 2862984010 0 0 0 0 0 2862984010 0 0 0 0 0 0
593 2862984010 0 0 0 0 0 2862984010 0 0 0 0 0 0
594 2862984010 0 0 2862984010 0 0 0 0 0 0 0 0 0
595 2862984010 0 0 2862984010 0 0 0 0 0 0 0 0 0
596 2862984010 0 0 2862984010 0 0 0 0 0 0 0 0 0
598 2862984010 0 0 0 0 0 0 0 0 0 0 0 0
599 2862984010 0 0 2862984010 0 0 0 0 0 0 0 0 0
600 2862984010 0 0 2862984010 0 0 0 0 0 0 0 0 0
601 2862984010 1 1 2862984010 0 0 0 0 0 0 0 0 0
602 2862984010 0 0 2862984010 0 0 0 0 0 0 0 0 0
603 2862984010 0 0 0 0 0 2862984010 16383 16383 0 0 0 0
604 2862984010 0 0 0 0 0 2862984010 0 0 0 0 0 0
605 2862984010 0 0 0 0 0 2862984010 353414810 89028678 0 0 0 0
606 2862984010 0 0 0 0 0 2862984010 0 0 0 0 0 0
607 2862984010 0 0 0 0 0 2862984010 353420679 89028708 0 0 0 0
608 2862984010 0 0 0 0 0 2862984010 0 0 0 0 0 0
609 2862984010 0 0 0 0 0 2862984010 353402342 89012285 0 0 0 0
610 2862984010 0 0 0 0 0 2862984010 0 0 0 0 0 0
611 2862984010 0 0 0 0 0 2862984010 353402632 89012768 0 0 0 0
612 2862984010 0 0 0 0 0 2862984010 0 0 0 0 0 0
613 2862984010 0 0 0 0 0 0 0 0 0 0 0 0
614 2862984010 0 0 0 0 0 0 0 0 0 0 0 0
615 2862984010 0 0 0 0 0 0 0 0 0 0 0 0
616 2862984010 0 0 0 0 0 0 0 0 0 0 0 0
618 2862984010 1 1 0 0 0 0 0 0 0 0 0 0
619 2862984010 0 0 0 0 0 2862984010 353404885 89012324 0 0 0 0
621 2862984010 0 0 0 0 0 0 0 0 0 0 0 0
622 2862984010 0 0 2862984010 0 0 0 0 0 0 0 0 0
623 2862984010 0 0 0 0 0 0 0 0 0 0 0 0
624 2862984010 0 0 2862984010 0 0 0 0 0 0 0 0 0
626 2862984010 0 0 0 0 0 0 0 0 0 0 0 0
627 2862984010 0 0 0 0 0 0 0 0 0 0 0 0
628 2862984010 0 0 0 0 0 0 0 0 0 0 0 0
629 2862984010 0 0 0 0 0 0 0 0 0 0 0 0
630 2862984010 0 0 0 0 0 0 0 0 0 0 0 0
631 2862984010 0 0 0 0 0 0 0 0 0 0 0 0
633 2862984010 0 0 0 0 0 0 0 0 0 0 0 0
635 8588952030 0 0 0 0 0 0 0 0 8588952030 8 0 0
636 5725968020 0 0 5725968020 0 0 5725968020 353413944 89012628 0 0 0 0
637 5725968020 0 0 0 0 0 0 0 0 0 0 0 0
638 5725968020 0 0 0 0 0 0 0 0 0 0 0 0
641 2862984010 0 0 0 0 0 0 0 0 0 0 0 0
643 2862984010 0 0 0 0 0 0 0 0 0 0 0 0
644 2862984010 0 0 0 0 0 0 0 0 0 0 0 0
645 2862984010 1 1 0 0 0 0 0 0 0 0 0 0
646 2862984010 0 0 0 0 0 0 0 0 0 0 0 0
647 2862984010 0 0 0 0 0 0 0 0 0 0 0 0
648 2862984010 0 0 0 0 0 0 0 0 0 0 0 0
649 11451936040 0 0 5725968020 0 0 0 0 0 0 0 2862984010 1
651 2862984011 0 0 0 0 0 0 0 0 0 0 0 0
652 2862984011 0 0 0 0 0 0 0 0 0 0 0 0
654 2862984011 0 0 2862984011 1413857948 356210003 0 0 0 0 0 0 0
655 2862984011 0 0 2862984011 0 0 0 0 0 0 0 0 0
656 2862984011 0 0 2862984011 353459249 89048627 0 0 0 0 0 0 0
657 2862984011 0 0 2862984011 0 0 0 0 0 0 0 0 0
658 2862984011 0 0 0 0 0 2862984011 0 0 0 0 0 0
659 2862984011 1 1 0 0 0 2862984011 0 0 0 0 0 0
660 2862984011 0 0 0 0 0 2862984011 0 0 0 0 0 0
661 2862984011 0 0 0 0 0 2862984011 0 0 0 0 0 0
662 2862984011 0 0 2862984011 16055 5274 0 0 0 0 0 0 0
663 2862984011 0 0 2862984011 0 0 0 0 0 0 0 0 0
665 2862984011 0 0 0 0 0 2862984011 0 0 0 0 0 0
666 2862984011 0 0 0 0 0 2862984011 0 0 0 0 0 0
667 2862984011 0 0 2862984011 0 0 0 0 0 0 0 0 0
669 2862984011 0 0 0 0 0 0 0 0 0 0 0 0
670 2862984011 0 0 0 0 0 0 0 0 2862984011 1 0 0
672 2862984010 0 0 0 0 0 0 0 0 0 0 0 0
673 11451936040 0 0 5725968020 1 1 0 0 0 0 0 2862984010 2862918480
796 1 1 1 0 0 0 1 0 0 0 0 0 0
797 1 1 1 0 0 0 0 0 0 0 0 0 0
798 1 0 0 1 0 0 0 0 0 0 0 0 0
799 1 0 0 0 0 0 1 0 0 0 0 0 0
800 1 0 0 1 0 0 0 0 0 0 0 0 0
801 4 0 0 2 0 0 0 0 0 0 0 1 1
fl=/home/matt/Varsity/Treatise/Work/Virtual Machines/Normal//vm.asm
fn=???
28 1 1 1 0 0 0 0 0 0 0 0 0 0
29 1 0 0 0 0 0 1 0 0 0 0 0 0
31 1 0 0 0 0 0 0 0 0 0 0 0 0
32 1 0 0 0 0 0 0 0 0 1 0 0 0
35 1 0 0 0 0 0 0 0 0 0 0 0 0
38 1 0 0 1 0 0 0 0 0 0 0 0 0
40 1 1 1 0 0 0 0 0 0 0 0 0 0
41 1 0 0 0 0 0 0 0 0 0 0 0 0
42 1 0 0 0 0 0 0 0 0 0 0 0 0
43 1 0 0 0 0 0 0 0 0 0 0 0 0
44 1 0 0 0 0 0 0 0 0 0 0 0 0
46 1 0 0 0 0 0 0 0 0 0 0 0 0
47 1 0 0 0 0 0 0 0 0 0 0 0 0
48 1 0 0 0 0 0 0 0 0 0 0 0 0
49 1 0 0 0 0 0 1 0 0 0 0 0 0
50 1 0 0 0 0 0 1 0 0 0 0 0 0
51 1 0 0 0 0 0 1 0 0 0 0 0 0
52 1 0 0 0 0 0 0 0 0 0 0 0 0
53 1 0 0 1 0 0 0 0 0 0 0 0 0
54 1 0 0 0 0 0 0 0 0 0 0 0 0
55 1 0 0 0 0 0 0 0 0 0 0 0 0
56 1 0 0 0 0 0 1 0 0 0 0 0 0
57 1 0 0 0 0 0 0 0 0 0 0 0 0
58 1 0 0 0 0 0 0 0 0 0 0 0 0
59 1 0 0 0 0 0 0 0 0 0 0 0 0
60 1 1 1 0 0 0 1 0 0 0 0 0 0
64 1 0 0 0 0 0 0 0 0 0 0 0 0
66 4 0 0 2 1 1 0 0 0 0 0 1 1
78 1 0 0 0 0 0 0 0 0 0 0 0 0
79 1 0 0 0 0 0 1 0 0 0 0 0 0
fl=???
fn=(below main)
0 58 4 4 17 2 0 16 0 0 7 0 2 2
fn=???
0 5725968233 27 23 5725968130 64235 23387 36 1 1 11 5 5725968094 24
fn=_Exit
0 8 2 2 1 0 0 0 0 0 0 0 0 0
fn=_IO_cleanup
0 100 8 8 30 1 1 17 0 0 21 11 1 1
fn=_IO_default_finish
0 19 3 3 7 0 0 2 0 0 4 3 0 0
fn=_IO_default_setbuf
0 38 4 4 8 0 0 14 0 0 4 2 1 1
fn=_IO_default_xsputn
0 63 3 3 13 0 0 11 1 1 10 5 0 0
fn=_IO_do_write@@GLIBC_2.2.5
0 56 5 5 16 0 0 11 0 0 8 3 1 1
fn=_IO_doallocbuf
0 36 2 2 16 1 1 8 1 1 6 4 2 1
fn=_IO_file_close
0 2 1 1 1 0 0 0 0 0 0 0 0 0
fn=_IO_file_close_it@@GLIBC_2.2.5
0 48 4 4 10 0 0 16 0 0 4 2 1 1
fn=_IO_file_doallocate
0 102 5 5 22 3 2 14 1 1 12 2 2 1
fn=_IO_file_finish@@GLIBC_2.2.5
0 8 2 2 2 0 0 1 0 0 1 1 0 0
fn=_IO_file_fopen@@GLIBC_2.2.5
0 76 9 9 13 1 1 11 0 0 15 5 0 0
fn=_IO_file_init@@GLIBC_2.2.5
0 13 2 2 4 0 0 5 0 0 0 0 0 0
fn=_IO_file_overflow@@GLIBC_2.2.5
0 70 6 6 16 0 0 16 0 0 12 6 0 0
fn=_IO_file_read
0 4 1 1 2 0 0 0 0 0 1 1 0 0
fn=_IO_file_seek
0 4 1 1 2 0 0 0 0 0 0 0 0 0
fn=_IO_file_seekoff@@GLIBC_2.2.5
0 213 16 16 61 0 0 39 0 0 36 13 4 4
fn=_IO_file_setbuf@@GLIBC_2.2.5
0 15 1 1 3 0 0 8 0 0 1 0 0 0
fn=_IO_file_stat
0 12 1 1 3 0 0 0 0 0 0 0 0 0
fn=_IO_file_sync@@GLIBC_2.2.5
0 13 3 3 6 0 0 2 0 0 2 1 0 0
fn=_IO_file_write@@GLIBC_2.2.5
0 36 2 2 8 0 0 5 0 0 5 3 0 0
fn=_IO_file_xsgetn
0 33 4 4 10 0 0 6 0 0 3 1 0 0
fn=_IO_file_xsputn@@GLIBC_2.2.5
0 109 5 5 25 1 1 16 1 1 13 3 1 1
fn=_IO_flush_all_lockp
0 96 8 8 27 7 7 13 0 0 22 15 1 1
fn=_IO_link_in
0 85 9 9 30 3 2 16 0 0 18 10 0 0
fn=_IO_no_init
0 33 3 3 5 0 0 20 2 2 1 0 0 0
fn=_IO_old_init
0 25 3 3 2 0 0 19 2 2 1 0 0 0
fn=_IO_seekoff_unlocked
0 47 2 2 11 1 0 3 0 0 10 3 3 1
fn=_IO_setb
0 76 1 1 19 0 0 18 0 0 4 3 0 0
fn=_IO_sgetn
0 3 1 1 2 0 0 0 0 0 0 0 1 1
fn=_IO_un_link
0 91 11 11 32 0 0 15 0 0 20 11 0 0
fn=_IO_unsave_markers
0 7 2 2 3 0 0 0 0 0 2 2 0 0
fn=__GI_memcpy
0 364 5 5 118 15 14 117 14 14 34 8 0 0
fn=__GI_mempcpy
0 18 3 3 2 0 0 1 0 0 6 4 0 0
fn=__GI_strstr
0 24 6 6 9 1 1 6 0 0 2 2 0 0
fn=__call_tls_dtors
0 12 3 3 5 0 0 4 0 0 1 1 0 0
fn=__close_nocancel
0 5 1 1 1 0 0 0 0 0 1 0 0 0
fn=__ctype_init
0 16 2 2 10 1 0 3 0 0 0 0 0 0
fn=__cxa_atexit
0 22 2 2 5 0 0 8 0 0 1 0 0 0
fn=__cxa_finalize
0 46 4 4 12 2 2 6 0 0 7 1 0 0
fn=__default_morecore
0 392 1 1 56 0 0 56 0 0 0 0 0 0
fn=__fopen_internal
0 39 3 3 4 0 0 10 1 1 2 0 0 0
fn=__fopen_maybe_mmap
0 4 1 1 2 1 0 0 0 0 1 1 0 0
fn=__init_cpu_features
0 79 9 9 9 2 2 13 0 0 13 5 1 1
fn=__init_misc
0 24 2 2 7 0 0 5 1 0 2 0 0 0
fn=__libc_csu_init
0 34 2 2 8 1 0 8 0 0 2 0 1 1
fn=__libc_memalign
0 535 4 4 104 0 0 102 1 1 60 20 0 0
fn=__linkin_atfork
0 9 2 2 4 2 0 1 0 0 2 1 0 0
fn=__lseek_nocancel
0 10 0 0 2 0 0 0 0 0 2 0 0 0
fn=__new_exitfn
0 38 6 6 11 5 3 5 0 0 7 6 0 0
fn=__open_nocancel
0 5 1 1 1 0 0 0 0 0 1 0 0 0
fn=__read_nocancel
0 5 0 0 1 0 0 0 0 0 1 1 0 0
fn=__run_exit_handlers
0 56 5 5 9 3 3 10 0 0 9 2 2 2
fn=__sigjmp_save
0 9 0 0 2 0 0 2 0 0 1 1 0 0
fn=__sigsetjmp
0 79 4 4 19 0 0 32 1 1 0 0 0 0
fn=__tls_get_addr
0 11 2 2 7 3 3 0 0 0 2 0 0 0
fn=__unregister_atfork
0 13 2 2 5 1 1 1 0 0 3 2 0 0
fn=__write_nocancel
0 5 0 0 1 0 0 0 0 0 1 0 0 0
fn=_dl_add_to_namespace_list
0 103 2 2 29 0 0 23 0 0 8 5 6 2
fn=_dl_add_to_slotinfo
0 24 2 2 9 3 0 6 0 0 1 0 0 0
fn=_dl_addr
0 56044 10 10 13650 1011 858 17 3 0 12809 1988 2 2
fn=_dl_allocate_tls_init
0 78 6 6 25 2 0 13 0 0 8 2 0 0
fn=_dl_allocate_tls_storage
0 323 3 3 7 0 0 296 37 37 290 10 0 0
fn=_dl_cache_libcmp
0 735 4 4 112 10 10 0 0 0 203 35 0 0
fn=_dl_catch_error
0 120 4 4 33 0 0 60 6 6 3 0 6 3
fn=_dl_check_all_versions
0 75 2 2 13 0 0 8 0 0 9 3 0 0
fn=_dl_check_map_versions
0 1233 13 13 403 6 6 167 13 13 146 53 0 0
fn=_dl_count_modids
0 4 1 1 3 0 0 0 0 0 1 0 0 0
fn=_dl_debug_initialize
0 41 3 3 13 2 1 4 0 0 12 11 0 0
fn=_dl_debug_state
0 2 0 0 2 0 0 0 0 0 0 0 0 0
fn=_dl_determine_tlsoffset
0 56 5 5 11 0 0 8 0 0 4 1 0 0
fn=_dl_discover_osversion
0 80 5 5 14 1 1 7 1 1 14 8 0 0
fn=_dl_find_dso_for_object
0 30 3 3 12 0 0 0 0 0 11 5 0 0
fn=_dl_fini
0 257 10 10 88 19 19 36 3 3 48 10 6 6
fn=_dl_fixup
0 883 6 6 348 52 30 110 0 0 99 12 0 0
fn=_dl_important_hwcaps
0 259 18 18 51 0 0 44 2 2 31 14 0 0
fn=_dl_init
0 86 5 5 24 1 0 12 0 0 12 5 0 0
fn=_dl_init_paths
0 91 10 10 14 0 0 33 2 2 7 3 0 0
fn=_dl_initial_error_catch_tsd
0 8 0 0 4 0 0 0 0 0 0 0 0 0
fn=_dl_load_cache_lookup
0 323 15 15 58 9 9 32 0 0 56 9 0 0
fn=_dl_lookup_symbol_x
0 19721 10 10 4264 108 96 2473 13 4 2322 160 0 0
fn=_dl_map_object
0 415 26 26 86 0 0 67 5 5 68 22 0 0
fn=_dl_map_object_deps
0 1082 37 37 224 1 1 124 1 1 233 50 0 0
fn=_dl_map_object_from_fd
0 1729 49 49 363 16 16 199 24 24 336 94 0 0
fn=_dl_name_match_p
0 1535 3 3 397 4 1 228 2 1 229 40 0 0
fn=_dl_new_object
0 605 15 15 106 4 4 115 25 25 90 43 0 0
fn=_dl_next_ld_env_entry
0 343 2 2 118 26 26 1 0 0 114 21 0 0
fn=_dl_next_tls_modid
0 6 1 1 3 0 0 1 0 0 1 0 0 0
fn=_dl_receive_error
0 28 2 2 10 0 0 12 0 0 0 0 2 2
fn=_dl_relocate_object
0 18882 51 51 5173 672 616 2418 253 241 2789 144 111 13
fn=_dl_runtime_resolve
0 319 4 4 99 0 0 88 1 1 0 0 11 11
fn=_dl_setup_hash
0 88 2 2 28 5 5 24 0 0 4 0 0 0
fn=_dl_sort_fini
0 170 6 6 51 1 1 20 0 0 27 8 0 0
fn=_dl_start
0 620 16 16 128 25 23 55 16 16 110 30 7 1
fn=_dl_sysdep_read_whole_file
0 41 3 3 6 1 1 9 0 0 3 1 0 0
fn=_dl_sysdep_start
0 483 16 15 128 19 17 41 5 5 105 23 18 14
fn=_dl_sysdep_start_cleanup
0 1 1 0 1 0 0 0 0 0 0 0 0 0
fn=_dl_unload_cache
0 10 2 1 3 1 0 2 0 0 1 1 0 0
fn=_dl_vdso_vsym
0 24 2 2 12 1 0 0 0 0 4 4 0 0
fn=_fxstat
0 60 2 2 6 0 0 0 0 0 12 0 0 0
fn=_init
0 60 5 5 14 2 0 18 4 3 4 2 0 0
fn=_int_malloc
0 148881729565 48 48 40082105471 353653840 89091926 20042068431 194054 111836 22904463337 65837 56 2
fn=_itoa_word
0 70 3 3 6 1 1 5 1 1 6 5 0 0
fn=_setjmp
0 2 1 1 0 0 0 0 0 0 0 0 0 0
fn=_start
0 11 1 1 1 0 0 3 0 0 0 0 0 0
fn=access
0 9 1 1 1 0 0 1 0 0 1 1 0 0
fn=bcmp
0 1041 12 12 244 11 11 76 3 3 182 59 0 0
fn=brk
0 1343 4 3 223 0 0 112 1 1 224 0 0 0
fn=call_init.part.0
0 155 4 4 58 4 0 28 0 0 17 3 4 4
fn=calloc
0 64 1 1 0 0 0 0 0 0 8 8 0 0
fn=check_match.isra.0
0 5440 7 7 1904 47 23 613 8 3 809 28 0 0
fn=close
0 15 1 1 3 0 0 0 0 0 3 0 0 0
fn=dl_main
0 1056 73 73 213 25 18 140 17 17 213 82 1 1
fn=do_lookup_x
0 27045 17 17 9443 219 159 4190 11 5 3917 292 0 0
fn=do_preload
0 28 3 3 7 0 0 8 0 0 1 1 0 0
fn=exit
0 4 1 1 0 0 0 1 0 0 0 0 0 0
fn=fclose@@GLIBC_2.2.5
0 65 8 8 26 2 0 9 0 0 15 8 1 1
fn=fopen@@GLIBC_2.2.5
0 2 1 1 0 0 0 0 0 0 0 0 0 0
fn=fread
0 52 6 6 18 0 0 7 0 0 10 5 0 0
fn=free
0 206134848892 15 15 54396696236 353531611 89070697 20040888089 0 0 45807744202 1431459259 0 0
fn=fseek
0 78 4 4 30 0 0 8 0 0 16 10 0 0
fn=ftell
0 41 6 6 15 0 0 4 0 0 10 7 0 0
fn=gettimeofday
0 14 1 1 1 0 0 5 0 0 0 0 0 0
fn=handle_intel.isra.0
0 94 5 5 14 0 0 26 0 0 6 2 0 0
fn=index
0 163 5 5 21 2 2 0 0 0 12 4 0 0
fn=init_cacheinfo
0 147 8 8 6 0 0 12 1 1 24 8 0 0
fn=init_tls
0 65 4 4 14 0 0 13 1 1 12 6 0 0
fn=intel_check_word
0 904 10 10 82 6 6 16 0 0 236 57 0 0
fn=isatty
0 8 1 1 1 0 0 1 1 1 0 0 0 0
fn=lseek
0 4 1 1 2 0 0 0 0 0 2 0 0 0
fn=malloc
0 94478472462 4 4 31492824137 2 0 8588952038 0 0 20040888085 42 1 1
fn=malloc_consolidate
0 6753 6 6 2163 0 0 797 140 74 1857 132 0 0
fn=malloc_hook_ini
0 38 4 4 12 3 1 5 0 0 8 6 0 0
fn=map_doit
0 14 1 1 5 0 0 3 0 0 0 0 0 0
fn=match_symbol
0 356 5 5 140 14 14 36 0 0 92 12 0 0
fn=memcpy
0 379 6 6 58 0 0 45 8 8 100 55 0 0
fn=memcpy@GLIBC_2.2.5
0 17 2 2 4 0 0 0 0 0 3 0 0 0
fn=mempcpy
0 143 5 5 21 1 1 16 3 3 38 20 0 0
fn=memset
0 2510 1 1 11 0 0 2444 39 39 2455 54 0 0
fn=mmap
0 66 3 3 11 0 0 0 0 0 11 0 0 0
fn=mprotect
0 30 1 1 6 0 0 0 0 0 6 0 0 0
fn=munmap
0 10 0 0 2 0 0 0 0 0 2 0 0 0
fn=open
0 17 2 2 4 0 0 0 0 0 4 0 0 0
fn=open_verify
0 409 12 12 88 6 6 42 1 1 71 22 0 0
fn=openaux
0 34 2 2 16 0 0 6 0 0 0 0 0 0
fn=printf
0 21 4 4 3 2 2 10 0 0 1 1 0 0
fn=ptmalloc_init.part.8
0 385 7 7 126 41 1 15 4 2 117 21 0 0
fn=read
0 12 2 2 3 0 0 0 0 0 3 0 0 0
fn=rindex
0 24 2 2 2 1 0 0 0 0 3 0 0 0
fn=rtld_lock_default_lock_recursive
0 10 1 1 10 2 1 0 0 0 0 0 0 0
fn=rtld_lock_default_unlock_recursive
0 10 0 0 10 1 0 0 0 0 0 0 0 0
fn=sbrk
0 1743 4 4 452 164 57 281 2 1 391 6 0 0
fn=strcasecmp
0 7 2 2 3 1 1 1 0 0 2 1 0 0
fn=strchrnul
0 40 2 2 4 1 1 0 0 0 4 1 0 0
fn=strcmp
0 11936 1 1 3582 42 24 0 0 0 3220 249 0 0
fn=strdup
0 34 1 1 4 0 0 8 0 0 2 0 0 0
fn=strlen
0 591 4 4 68 0 0 0 0 0 145 38 0 0
fn=strncasecmp
0 6 2 2 3 0 0 0 0 0 2 2 0 0
fn=strsep
0 800 2 2 250 0 0 1 0 0 248 15 0 0
fn=tcgetattr
0 15 3 3 2 0 0 1 0 0 1 1 0 0
fn=time
0 14 2 2 1 0 0 5 0 0 0 0 0 0
fn=uname
0 5 1 1 1 0 0 0 0 0 1 0 0 0
fn=version_check_doit
0 10 1 1 4 0 0 2 0 0 1 1 0 0
fn=vfprintf
0 309 46 46 90 11 11 67 7 7 51 31 4 4
fn=write
0 2 1 1 1 0 0 0 0 0 1 0 0 0
summary: 923319768218 1034 1026 292025072709 2474585612 623452043 130267002228 2474193012 623312456 105931100422 1431856949 31492889979 17177904179
