desc: I1 cache:         32768 B, 64 B, 8-way associative
desc: D1 cache:         32768 B, 64 B, 8-way associative
desc: LL cache:         3145728 B, 64 B, 12-way associative
cmd: ./vm a.out
events: Ir I1mr ILmr Dr D1mr DLmr Dw D1mw DLmw Bc Bcm Bi Bim
fl=/home/matt/Varsity/Treatise/Work/Virtual Machines/Normal/../Common/utility.c
fn=file_to_memory
45 4 1 1 0 0 0 2 0 0 0 0 0 0
46 5 1 1 1 0 0 2 0 0 0 0 0 0
47 2 0 0 1 0 0 0 0 0 1 1 0 0
50 5 0 0 1 0 0 1 0 0 0 0 0 0
51 4 0 0 1 0 0 2 0 0 0 0 0 0
52 5 1 1 1 0 0 1 0 0 0 0 0 0
54 6 0 0 1 0 0 2 0 0 0 0 0 0
56 12 1 1 4 0 0 1 0 0 1 1 0 0
62 3 0 0 1 0 0 1 0 0 0 0 0 0
63 5 0 0 2 0 0 1 0 0 0 0 0 0
64 1 0 0 1 0 0 0 0 0 0 0 0 0
65 2 1 1 2 1 0 0 0 0 0 0 0 0
fn=main
7 5 1 1 0 0 0 3 0 0 0 0 0 0
8 7 0 0 3 0 0 1 0 0 0 0 0 0
fn=println
13 1041684 1 0 0 0 0 520842 0 0 0 0 0 0
14 1041684 1 1 260421 0 0 260421 0 0 0 0 0 0
15 520842 0 0 0 0 0 260421 0 0 0 0 0 0
16 781263 0 0 520842 0 0 0 0 0 0 0 0 0
fl=/home/matt/Varsity/Treatise/Work/Virtual Machines/Normal//code.asm
fn=???
2 19 0 0 0 0 0 0 0 0 0 0 0 0
3 19 0 0 0 0 0 0 0 0 0 0 0 0
4 19 0 0 19 0 0 0 0 0 0 0 0 0
5 19 0 0 0 0 0 0 0 0 0 0 0 0
6 19 0 0 0 0 0 0 0 0 0 0 0 0
7 19 0 0 0 0 0 0 0 0 0 0 0 0
8 19 0 0 19 0 0 0 0 0 0 0 0 0
10 19 0 0 0 0 0 0 0 0 0 0 0 0
12 19 1 1 0 0 0 19 0 0 0 0 0 0
13 76 0 0 38 0 0 0 0 0 0 0 19 2
15 1181505221 0 0 0 0 0 0 0 0 0 0 0 0
16 1181505221 0 0 0 0 0 0 0 0 0 0 0 0
17 1181505221 0 0 1181505221 0 0 0 0 0 0 0 0 0
19 1181505221 0 0 1181505221 0 0 0 0 0 0 0 0 0
20 1181505221 0 0 1181505221 0 0 0 0 0 0 0 0 0
21 1181505221 0 0 0 0 0 0 0 0 0 0 0 0
22 1181505221 0 0 0 0 0 0 0 0 0 0 0 0
24 1181505221 0 0 0 0 0 1181505221 0 0 0 0 0 0
25 4726020884 1 1 2363010442 1 1 0 0 0 0 0 1181505221 849738584
52 200000000 1 1 0 0 0 0 0 0 0 0 0 0
53 200000000 0 0 0 0 0 0 0 0 0 0 0 0
54 200000000 0 0 200000000 0 0 0 0 0 0 0 0 0
55 200000000 0 0 0 0 0 0 0 0 0 0 0 0
56 200000000 0 0 0 0 0 0 0 0 0 0 0 0
57 200000000 0 0 0 0 0 0 0 0 0 0 0 0
58 200000000 0 0 200000000 0 0 0 0 0 0 0 0 0
60 200000000 0 0 0 0 0 0 0 0 0 0 0 0
62 200000000 0 0 0 0 0 200000000 0 0 0 0 0 0
63 800000000 0 0 400000000 0 0 0 0 0 0 0 200000000 1
65 200000000 1 1 0 0 0 0 0 0 0 0 0 0
66 200000000 1 1 0 0 0 0 0 0 0 0 0 0
67 200000000 0 0 200000000 0 0 0 0 0 0 0 0 0
69 200000000 0 0 200000000 0 0 0 0 0 0 0 0 0
70 200000000 0 0 200000000 0 0 0 0 0 0 0 0 0
71 200000000 0 0 0 0 0 0 0 0 0 0 0 0
72 200000000 0 0 0 0 0 0 0 0 0 0 0 0
74 200000000 0 0 0 0 0 200000000 0 0 0 0 0 0
75 800000000 0 0 400000000 0 0 0 0 0 0 0 200000000 1
94 400000000 1 1 0 0 0 0 0 0 0 0 0 0
95 400000000 0 0 0 0 0 0 0 0 0 0 0 0
97 400000000 0 0 400000000 0 0 0 0 0 0 0 0 0
98 400000000 0 0 400000000 0 0 0 0 0 0 0 0 0
99 400000000 0 0 0 0 0 0 0 0 0 0 0 0
100 400000000 0 0 400000000 0 0 0 0 0 0 0 0 0
101 400000000 0 0 0 0 0 0 0 0 0 0 0 0
102 400000000 0 0 0 0 0 0 0 0 0 0 0 0
103 400000000 0 0 0 0 0 400000000 0 0 0 0 0 0
104 400000000 0 0 0 0 0 400000000 0 0 0 0 0 0
105 400000000 0 0 0 0 0 0 0 0 0 0 0 0
107 1600000000 1 1 800000000 0 0 0 0 0 0 0 400000000 1
295 1000000005 1 1 0 0 0 0 0 0 0 0 0 0
296 1000000005 0 0 0 0 0 0 0 0 0 0 0 0
297 1000000005 0 0 0 0 0 0 0 0 0 0 0 0
298 1000000005 0 0 0 0 0 0 0 0 0 0 0 0
299 1000000005 0 0 0 0 0 0 0 0 0 0 0 0
300 1000000005 0 0 1000000005 0 0 0 0 0 0 0 0 0
301 1000000005 0 0 0 0 0 1000000005 0 0 0 0 0 0
302 4000000020 0 0 2000000010 0 0 0 0 0 0 0 1000000005 1000000005
313 412934708 1 1 0 0 0 0 0 0 0 0 0 0
314 412934708 0 0 0 0 0 0 0 0 0 0 0 0
316 412934708 1 1 412934708 0 0 0 0 0 0 0 0 0
317 412934708 0 0 412934708 0 0 0 0 0 0 0 0 0
318 412934708 0 0 0 0 0 0 0 0 0 0 0 0
319 412934708 0 0 0 0 0 412934708 2 1 0 0 0 0
320 1651738832 0 0 825869416 0 0 0 0 0 0 0 412934708 412934689
327 505833341 0 0 0 0 0 0 0 0 0 0 0 0
328 505833341 0 0 0 0 0 0 0 0 0 0 0 0
329 505833341 0 0 505833341 0 0 0 0 0 0 0 0 0
330 505833341 0 0 505833341 0 0 0 0 0 0 0 0 0
331 505833341 0 0 0 0 0 505833341 0 0 0 0 0 0
332 2023333364 0 0 1011666682 0 0 0 0 0 0 0 505833341 505000004
334 250000002 1 1 0 0 0 0 0 0 0 0 0 0
335 250000002 0 0 0 0 0 0 0 0 0 0 0 0
336 250000002 0 0 250000002 0 0 0 0 0 0 0 0 0
337 250000002 0 0 250000002 0 0 0 0 0 0 0 0 0
338 250000002 0 0 0 0 0 250000002 0 0 0 0 0 0
339 1000000008 0 0 500000004 0 0 0 0 0 0 0 250000002 4
341 255000009 1 1 0 0 0 0 0 0 0 0 0 0
342 255000009 0 0 0 0 0 0 0 0 0 0 0 0
343 255000009 0 0 255000009 0 0 0 0 0 0 0 0 0
344 255000009 0 0 255000009 0 0 0 0 0 0 0 0 0
345 255000009 0 0 0 0 0 255000009 0 0 0 0 0 0
346 1020000036 0 0 510000018 1 1 0 0 0 0 0 255000009 8333341
348 3 0 0 0 0 0 0 0 0 0 0 0 0
349 3 0 0 0 0 0 0 0 0 0 0 0 0
350 3 1 1 3 0 0 0 0 0 0 0 0 0
351 3 0 0 3 0 0 0 0 0 0 0 0 0
352 3 0 0 0 0 0 3 0 0 0 0 0 0
353 12 0 0 6 0 0 0 0 0 0 0 3 2
355 823432303 0 0 0 0 0 0 0 0 0 0 0 0
356 823432303 0 0 0 0 0 0 0 0 0 0 0 0
357 823432303 0 0 0 0 0 0 0 0 0 0 0 0
358 823432303 0 0 0 0 0 0 0 0 0 0 0 0
359 823432303 0 0 0 0 0 0 0 0 0 0 0 0
360 823432303 0 0 823432303 0 0 0 0 0 0 0 0 0
361 823432303 0 0 823432303 0 0 0 0 0 0 0 0 0
362 823432303 0 0 823432303 0 0 0 0 0 0 0 0 0
363 823432303 1 1 0 0 0 823432303 0 0 0 0 0 0
364 3293729212 0 0 1646864606 1 0 0 0 0 0 0 823432303 400000001
377 57 1 1 0 0 0 0 0 0 0 0 0 0
378 57 0 0 0 0 0 0 0 0 0 0 0 0
379 57 0 0 57 0 0 0 0 0 0 0 0 0
380 57 0 0 0 0 0 0 0 0 0 0 0 0
381 57 0 0 0 0 0 0 0 0 0 0 0 0
382 57 0 0 0 0 0 0 0 0 0 0 0 0
383 57 0 0 57 0 0 0 0 0 0 0 0 0
384 57 0 0 57 0 0 0 0 0 0 0 0 0
385 57 0 0 0 0 0 57 0 0 0 0 0 0
386 228 1 1 114 1 1 0 0 0 0 0 57 39
413 823432322 1 1 0 0 0 0 0 0 0 0 0 0
414 823432322 0 0 0 0 0 0 0 0 0 0 0 0
415 823432322 0 0 0 0 0 0 0 0 0 0 0 0
416 823432322 0 0 0 0 0 0 0 0 0 0 0 0
417 823432322 0 0 0 0 0 0 0 0 0 0 0 0
418 823432322 0 0 823432322 0 0 0 0 0 0 0 0 0
419 823432322 0 0 0 0 0 0 0 0 0 0 0 0
420 823432322 0 0 0 0 0 0 0 0 0 0 0 0
421 823432322 0 0 0 0 0 0 0 0 0 0 0 0
422 823432322 0 0 823432322 0 0 0 0 0 0 0 0 0
423 823432322 0 0 823432322 0 0 0 0 0 0 0 0 0
424 823432322 1 1 0 0 0 823432322 0 0 0 0 0 0
425 3293729288 0 0 1646864644 0 0 0 0 0 0 0 823432322 39
441 19 1 1 0 0 0 0 0 0 0 0 0 0
442 19 0 0 0 0 0 0 0 0 0 0 0 0
443 19 0 0 19 0 0 0 0 0 0 0 0 0
444 19 0 0 0 0 0 0 0 0 0 0 0 0
445 19 0 0 0 0 0 0 0 0 0 0 0 0
446 19 0 0 0 0 0 0 0 0 0 0 0 0
447 19 1 1 19 0 0 0 0 0 0 0 0 0
448 19 0 0 0 0 0 0 0 0 0 0 0 0
449 19 0 0 0 0 0 0 0 0 0 0 0 0
450 19 0 0 0 0 0 0 0 0 0 0 0 0
451 19 0 0 19 0 0 0 0 0 0 0 0 0
452 19 0 0 0 0 0 19 1 1 0 0 0 0
453 76 0 0 38 0 0 0 0 0 0 0 19 1
455 50000000 0 0 0 0 0 0 0 0 0 0 0 0
456 50000000 0 0 0 0 0 0 0 0 0 0 0 0
457 50000000 0 0 0 0 0 0 0 0 0 0 0 0
458 50000000 0 0 0 0 0 0 0 0 0 0 0 0
459 50000000 0 0 0 0 0 0 0 0 0 0 0 0
460 50000000 1 1 50000000 0 0 0 0 0 0 0 0 0
461 50000000 0 0 0 0 0 0 0 0 0 0 0 0
462 50000000 0 0 0 0 0 0 0 0 0 0 0 0
463 50000000 0 0 0 0 0 0 0 0 0 0 0 0
464 50000000 0 0 50000000 0 0 0 0 0 0 0 0 0
465 50000000 0 0 50000000 0 0 0 0 0 0 0 0 0
466 50000000 0 0 0 0 0 50000000 0 0 0 0 0 0
467 200000000 0 0 100000000 0 0 0 0 0 0 0 50000000 1
469 254166668 0 0 0 0 0 0 0 0 0 0 0 0
470 254166668 0 0 0 0 0 0 0 0 0 0 0 0
471 254166668 0 0 254166668 0 0 0 0 0 0 0 0 0
472 254166668 0 0 0 0 0 0 0 0 0 0 0 0
473 254166668 0 0 0 0 0 0 0 0 0 0 0 0
474 254166668 0 0 0 0 0 0 0 0 0 0 0 0
475 254166668 0 0 254166668 0 0 0 0 0 0 0 0 0
476 254166668 0 0 0 0 0 0 0 0 0 0 0 0
477 254166668 0 0 0 0 0 0 0 0 0 0 0 0
478 254166668 0 0 0 0 0 0 0 0 0 0 0 0
479 254166668 0 0 254166668 0 0 0 0 0 0 0 0 0
480 254166668 0 0 0 0 0 254166668 43 43 0 0 0 0
481 1016666672 0 0 508333336 0 0 0 0 0 0 0 254166668 6770836
483 677859389 1 1 677859389 0 0 0 0 0 0 0 0 0
484 677859389 0 0 0 0 0 0 0 0 0 0 0 0
485 2711437556 0 0 1355718778 0 0 0 0 0 0 0 677859389 8593754
508 1551031257 1 1 0 0 0 0 0 0 0 0 0 0
509 1551031257 0 0 0 0 0 0 0 0 0 0 0 0
510 1551031257 0 0 1551031257 0 0 0 0 0 0 0 0 0
511 1551031257 0 0 0 0 0 0 0 0 0 0 0 0
512 1551031257 1 1 0 0 0 0 0 0 0 0 0 0
513 1551031257 0 0 0 0 0 0 0 0 0 0 0 0
514 1551031257 0 0 1551031257 0 0 0 0 0 0 0 0 0
515 1551031257 0 0 0 0 0 0 0 0 0 0 0 0
516 1551031257 0 0 0 0 0 0 0 0 1551031257 203389230 0 0
517 1127741497 0 0 0 0 0 0 0 0 1127741497 4486314 0 0
519 1123258087 0 0 1123258087 0 0 0 0 0 0 0 0 0
520 1123258087 0 0 0 0 0 0 0 0 0 0 0 0
522 4483410 0 0 4483410 0 0 0 0 0 0 0 0 0
523 4483410 0 0 0 0 0 0 0 0 0 0 0 0
525 423289760 0 0 423289760 0 0 0 0 0 0 0 0 0
527 1551031257 0 0 0 0 0 0 0 0 0 0 0 0
528 6204125028 0 0 3102062514 0 0 0 0 0 0 0 1551031257 1350197907
530 16406262 0 0 0 0 0 0 0 0 0 0 0 0
531 16406262 1 1 0 0 0 0 0 0 0 0 0 0
532 16406262 0 0 16406262 0 0 0 0 0 0 0 0 0
534 16406262 0 0 16406262 0 0 0 0 0 0 0 0 0
535 16406262 0 0 16406262 0 0 0 0 0 0 0 0 0
536 16406262 0 0 0 0 0 0 0 0 0 0 0 0
537 16406262 0 0 0 0 0 0 0 0 16406262 260442 0 0
538 3906261 0 0 0 0 0 0 0 0 3906261 3 0 0
540 3906258 0 0 3906258 0 0 0 0 0 0 0 0 0
541 3906258 0 0 0 0 0 0 0 0 0 0 0 0
543 3 0 0 3 0 0 0 0 0 0 0 0 0
544 3 0 0 0 0 0 0 0 0 0 0 0 0
546 12500001 0 0 12500001 0 0 0 0 0 0 0 0 0
548 16406262 0 0 0 0 0 0 0 0 0 0 0 0
549 65625048 1 1 32812524 0 0 0 0 0 0 0 16406262 16145846
582 400000005 1 1 400000005 0 0 0 0 0 0 0 0 0
583 400000005 0 0 0 0 0 0 0 0 0 0 0 0
584 400000005 0 0 0 0 0 0 0 0 0 0 0 0
585 400000005 0 0 400000005 0 0 0 0 0 0 0 0 0
586 400000005 0 0 0 0 0 0 0 0 0 0 0 0
587 400000005 0 0 0 0 0 0 0 0 0 0 0 0
588 400000005 0 0 0 0 0 0 0 0 0 0 0 0
590 400000005 0 0 0 0 0 400000005 0 0 0 0 0 0
591 400000005 0 0 0 0 0 400000005 0 0 0 0 0 0
592 400000005 0 0 0 0 0 400000005 0 0 0 0 0 0
593 400000005 0 0 0 0 0 400000005 0 0 0 0 0 0
594 400000005 0 0 400000005 0 0 0 0 0 0 0 0 0
595 400000005 0 0 400000005 0 0 0 0 0 0 0 0 0
596 400000005 0 0 400000005 0 0 0 0 0 0 0 0 0
598 400000005 0 0 0 0 0 0 0 0 0 0 0 0
599 400000005 0 0 400000005 0 0 0 0 0 0 0 0 0
600 400000005 0 0 400000005 0 0 0 0 0 0 0 0 0
601 400000005 1 1 400000005 0 0 0 0 0 0 0 0 0
602 400000005 0 0 400000005 0 0 0 0 0 0 0 0 0
603 400000005 0 0 0 0 0 400000005 1 1 0 0 0 0
604 400000005 0 0 0 0 0 400000005 0 0 0 0 0 0
605 400000005 0 0 0 0 0 400000005 2 2 0 0 0 0
606 400000005 0 0 0 0 0 400000005 0 0 0 0 0 0
607 400000005 0 0 0 0 0 400000005 1 1 0 0 0 0
608 400000005 0 0 0 0 0 400000005 0 0 0 0 0 0
609 400000005 0 0 0 0 0 400000005 0 0 0 0 0 0
610 400000005 0 0 0 0 0 400000005 0 0 0 0 0 0
611 400000005 0 0 0 0 0 400000005 1 1 0 0 0 0
612 400000005 0 0 0 0 0 400000005 0 0 0 0 0 0
613 400000005 0 0 0 0 0 0 0 0 0 0 0 0
614 400000005 0 0 0 0 0 0 0 0 0 0 0 0
615 400000005 0 0 0 0 0 0 0 0 0 0 0 0
616 400000005 0 0 0 0 0 0 0 0 0 0 0 0
618 400000005 1 1 0 0 0 0 0 0 0 0 0 0
619 400000005 0 0 0 0 0 400000005 0 0 0 0 0 0
621 400000005 0 0 0 0 0 0 0 0 0 0 0 0
622 400000005 0 0 400000005 0 0 0 0 0 0 0 0 0
623 400000005 0 0 0 0 0 0 0 0 0 0 0 0
624 400000005 0 0 400000005 0 0 0 0 0 0 0 0 0
626 400000005 0 0 0 0 0 0 0 0 0 0 0 0
627 400000005 0 0 0 0 0 0 0 0 0 0 0 0
628 400000005 0 0 0 0 0 0 0 0 0 0 0 0
629 400000005 0 0 0 0 0 0 0 0 0 0 0 0
630 400000005 0 0 0 0 0 0 0 0 0 0 0 0
631 400000005 0 0 0 0 0 0 0 0 0 0 0 0
633 400000005 0 0 0 0 0 0 0 0 0 0 0 0
635 1000000018 0 0 0 0 0 0 0 0 1000000018 75000013 0 0
636 600000013 0 0 600000013 0 0 600000013 0 0 0 0 0 0
637 600000013 0 0 0 0 0 0 0 0 0 0 0 0
638 600000013 0 0 0 0 0 0 0 0 0 0 0 0
641 400000005 0 0 0 0 0 0 0 0 0 0 0 0
643 400000005 0 0 0 0 0 0 0 0 0 0 0 0
644 400000005 0 0 0 0 0 0 0 0 0 0 0 0
645 400000005 1 1 0 0 0 0 0 0 0 0 0 0
646 400000005 0 0 0 0 0 0 0 0 0 0 0 0
647 400000005 0 0 0 0 0 0 0 0 0 0 0 0
648 400000005 0 0 0 0 0 0 0 0 0 0 0 0
649 1600000020 0 0 800000010 0 0 0 0 0 0 0 400000005 400000001
651 400000006 0 0 0 0 0 0 0 0 0 0 0 0
652 400000006 0 0 0 0 0 0 0 0 0 0 0 0
654 400000006 0 0 400000006 0 0 0 0 0 0 0 0 0
655 400000006 0 0 400000006 0 0 0 0 0 0 0 0 0
656 400000006 0 0 400000006 0 0 0 0 0 0 0 0 0
657 400000006 0 0 400000006 0 0 0 0 0 0 0 0 0
658 400000006 0 0 0 0 0 400000006 0 0 0 0 0 0
659 400000006 0 0 0 0 0 400000006 0 0 0 0 0 0
660 400000006 0 0 0 0 0 400000006 0 0 0 0 0 0
661 400000006 0 0 0 0 0 400000006 0 0 0 0 0 0
662 400000006 0 0 400000006 0 0 0 0 0 0 0 0 0
663 400000006 0 0 400000006 0 0 0 0 0 0 0 0 0
665 400000006 0 0 0 0 0 400000006 0 0 0 0 0 0
666 400000006 0 0 0 0 0 400000006 0 0 0 0 0 0
667 400000006 0 0 400000006 0 0 0 0 0 0 0 0 0
669 400000006 0 0 0 0 0 0 0 0 0 0 0 0
670 400000006 0 0 0 0 0 0 0 0 400000006 1 0 0
672 400000005 0 0 0 0 0 0 0 0 0 0 0 0
673 1600000020 0 0 800000010 0 0 0 0 0 0 0 400000005 200000005
675 19 1 1 0 0 0 0 0 0 0 0 0 0
676 19 1 1 0 0 0 0 0 0 0 0 0 0
678 19 0 0 19 0 0 0 0 0 0 0 0 0
679 19 0 0 0 0 0 0 0 0 0 0 0 0
680 19 0 0 0 0 0 0 0 0 0 0 0 0
681 19 0 0 19 0 0 0 0 0 0 0 0 0
682 19 0 0 0 0 0 0 0 0 0 0 0 0
683 19 0 0 0 0 0 0 0 0 0 0 0 0
684 19 0 0 0 0 0 19 0 0 0 0 0 0
685 19 0 0 0 0 0 19 0 0 0 0 0 0
686 19 0 0 0 0 0 19 0 0 0 0 0 0
687 19 0 0 0 0 0 19 0 0 0 0 0 0
688 19 0 0 19 0 0 0 0 0 0 0 0 0
689 19 0 0 19 0 0 0 0 0 0 0 0 0
690 19 0 0 0 0 0 19 0 0 0 0 0 0
691 19 0 0 0 0 0 0 0 0 0 0 0 0
692 19 0 0 19 0 0 0 0 0 0 0 0 0
693 19 0 0 0 0 0 0 0 0 0 0 0 0
694 19 0 0 0 0 0 0 0 0 0 0 0 0
695 19 0 0 0 0 0 19 0 0 0 0 0 0
696 19 0 0 0 0 0 0 0 0 0 0 0 0
697 76 0 0 38 0 0 0 0 0 0 0 19 1
699 2 1 1 0 0 0 0 0 0 0 0 0 0
700 2 0 0 0 0 0 0 0 0 0 0 0 0
701 2 0 0 0 0 0 0 0 0 0 0 0 0
702 2 0 0 0 0 0 0 0 0 0 0 0 0
703 2 0 0 0 0 0 0 0 0 0 0 0 0
704 2 0 0 2 0 0 0 0 0 0 0 0 0
706 2 0 0 0 0 0 0 0 0 0 0 0 0
707 2 0 0 0 0 0 0 0 0 0 0 0 0
708 2 0 0 0 0 0 0 0 0 0 0 0 0
709 2 0 0 0 0 0 2 0 0 0 0 0 0
710 2 0 0 0 0 0 2 0 0 0 0 0 0
711 2 0 0 0 0 0 2 0 0 0 0 0 0
712 2 0 0 0 0 0 2 0 0 0 0 0 0
713 2 0 0 2 0 0 0 0 0 0 0 0 0
714 2 0 0 2 0 0 0 0 0 0 0 0 0
715 2 0 0 2 0 0 0 0 0 0 0 0 0
716 2 1 1 0 0 0 2 0 0 0 0 0 0
717 2 0 0 0 0 0 0 0 0 0 0 0 0
718 2 0 0 0 0 0 0 0 0 0 0 0 0
719 2 0 0 0 0 0 2 0 0 0 0 0 0
720 2 0 0 0 0 0 0 0 0 0 0 0 0
721 8 0 0 4 1 1 0 0 0 0 0 2 1
723 3 0 0 0 0 0 0 0 0 0 0 0 0
724 3 0 0 0 0 0 0 0 0 0 0 0 0
725 3 0 0 0 0 0 0 0 0 0 0 0 0
726 3 0 0 0 0 0 0 0 0 0 0 0 0
727 3 0 0 0 0 0 0 0 0 0 0 0 0
728 3 0 0 3 0 0 0 0 0 0 0 0 0
730 3 0 0 0 0 0 0 0 0 0 0 0 0
731 3 0 0 0 0 0 0 0 0 0 0 0 0
732 3 0 0 0 0 0 3 0 0 0 0 0 0
733 3 0 0 0 0 0 3 0 0 0 0 0 0
734 3 0 0 0 0 0 3 0 0 0 0 0 0
735 3 0 0 0 0 0 3 0 0 0 0 0 0
736 3 0 0 3 0 0 0 0 0 0 0 0 0
737 3 0 0 3 0 0 0 0 0 0 0 0 0
738 3 0 0 3 0 0 0 0 0 0 0 0 0
739 3 0 0 0 0 0 3 0 0 0 0 0 0
740 3 0 0 0 0 0 0 0 0 0 0 0 0
741 3 0 0 0 0 0 3 0 0 0 0 0 0
742 3 0 0 0 0 0 0 0 0 0 0 0 0
743 12 0 0 6 0 0 0 0 0 0 0 3 1
745 4 1 1 0 0 0 0 0 0 0 0 0 0
746 4 0 0 0 0 0 0 0 0 0 0 0 0
748 4 0 0 4 0 0 0 0 0 0 0 0 0
749 4 1 1 0 0 0 0 0 0 0 0 0 0
750 4 0 0 0 0 0 0 0 0 0 0 0 0
751 4 0 0 4 0 0 0 0 0 0 0 0 0
752 4 0 0 0 0 0 0 0 0 0 0 0 0
753 4 0 0 0 0 0 4 0 0 0 0 0 0
754 4 0 0 0 0 0 4 0 0 0 0 0 0
755 4 0 0 0 0 0 4 0 0 0 0 0 0
756 4 0 0 0 0 0 4 0 0 0 0 0 0
757 4 0 0 0 0 0 4 0 0 0 0 0 0
758 4 0 0 0 0 0 0 0 0 0 0 0 0
759 4 0 0 4 0 0 0 0 0 0 0 0 0
760 4 0 0 4 0 0 0 0 0 0 0 0 0
761 4 0 0 0 0 0 4 0 0 0 0 0 0
762 4 0 0 4 0 0 0 0 0 0 0 0 0
763 4 0 0 4 0 0 0 0 0 0 0 0 0
764 4 0 0 4 0 0 0 0 0 0 0 0 0
765 4 0 0 0 0 0 0 0 0 0 0 0 0
766 4 0 0 0 0 0 4 0 0 0 0 0 0
767 4 0 0 0 0 0 0 0 0 0 0 0 0
769 16 1 1 8 1 0 0 0 0 0 0 4 2
803 260421 1 1 0 0 0 0 0 0 0 0 0 0
804 260421 0 0 0 0 0 0 0 0 0 0 0 0
805 260421 0 0 260421 0 0 0 0 0 0 0 0 0
806 260421 0 0 0 0 0 0 0 0 0 0 0 0
807 260421 0 0 0 0 0 0 0 0 0 0 0 0
808 260421 0 0 0 0 0 260421 0 0 0 0 0 0
809 260421 0 0 0 0 0 260421 0 0 0 0 0 0
810 260421 0 0 260421 0 0 0 0 0 0 0 0 0
811 1041684 1 1 520842 0 0 0 0 0 0 0 260421 4
fl=/home/matt/Varsity/Treatise/Work/Virtual Machines/Normal//vm.asm
fn=???
28 1 1 1 0 0 0 0 0 0 0 0 0 0
29 1 0 0 0 0 0 1 0 0 0 0 0 0
31 1 0 0 0 0 0 0 0 0 0 0 0 0
32 1 0 0 0 0 0 0 0 0 1 0 0 0
35 1 0 0 0 0 0 0 0 0 0 0 0 0
38 1 0 0 1 0 0 0 0 0 0 0 0 0
40 1 1 1 0 0 0 0 0 0 0 0 0 0
41 1 0 0 0 0 0 0 0 0 0 0 0 0
42 1 0 0 0 0 0 0 0 0 0 0 0 0
43 1 0 0 0 0 0 0 0 0 0 0 0 0
44 1 0 0 0 0 0 0 0 0 0 0 0 0
46 1 0 0 0 0 0 0 0 0 0 0 0 0
47 1 0 0 0 0 0 0 0 0 0 0 0 0
48 1 0 0 0 0 0 0 0 0 0 0 0 0
49 1 0 0 0 0 0 1 0 0 0 0 0 0
50 1 0 0 0 0 0 1 0 0 0 0 0 0
51 1 0 0 0 0 0 1 0 0 0 0 0 0
52 1 0 0 0 0 0 0 0 0 0 0 0 0
53 1 0 0 1 0 0 0 0 0 0 0 0 0
54 1 0 0 0 0 0 0 0 0 0 0 0 0
55 1 0 0 0 0 0 0 0 0 0 0 0 0
56 1 0 0 0 0 0 1 0 0 0 0 0 0
57 1 0 0 0 0 0 0 0 0 0 0 0 0
58 1 0 0 0 0 0 0 0 0 0 0 0 0
59 1 0 0 0 0 0 0 0 0 0 0 0 0
60 1 1 1 0 0 0 1 0 0 0 0 0 0
64 1 0 0 0 0 0 0 0 0 0 0 0 0
66 4 0 0 2 1 1 0 0 0 0 0 1 1
78 1 0 0 0 0 0 0 0 0 0 0 0 0
79 1 0 0 0 0 0 1 0 0 0 0 0 0
fl=???
fn=(below main)
0 58 4 4 17 2 0 16 0 0 7 0 2 2
fn=???
0 800521104 28 18 800520997 8 0 40 1 1 11 5 800520959 29
fn=_Exit
0 8 2 2 1 0 0 0 0 0 0 0 0 0
fn=_IO_cleanup
0 100 8 8 30 1 0 17 0 0 21 12 1 1
fn=_IO_default_finish
0 19 3 3 7 0 0 2 0 0 4 3 0 0
fn=_IO_default_setbuf
0 38 4 4 8 0 0 14 0 0 4 2 1 1
fn=_IO_default_xsputn
0 2427719 3 3 510365 0 0 446786 0 0 263679 2885 0 0
fn=_IO_do_write@@GLIBC_2.2.5
0 3226760 5 5 930796 0 0 682583 0 0 434372 9 62053 1
fn=_IO_doallocbuf
0 36 2 2 16 0 0 8 1 0 6 4 2 1
fn=_IO_file_close
0 2 1 1 1 0 0 0 0 0 0 0 0 0
fn=_IO_file_close_it@@GLIBC_2.2.5
0 48 4 4 10 0 0 16 0 0 4 2 1 1
fn=_IO_file_doallocate
0 102 4 4 22 2 0 14 1 0 12 2 2 1
fn=_IO_file_finish@@GLIBC_2.2.5
0 8 2 2 2 0 0 1 0 0 1 1 0 0
fn=_IO_file_fopen@@GLIBC_2.2.5
0 76 9 9 13 1 1 11 0 0 15 5 0 0
fn=_IO_file_init@@GLIBC_2.2.5
0 13 2 2 4 0 0 5 0 0 0 0 0 0
fn=_IO_file_overflow@@GLIBC_2.2.5
0 1365214 6 6 372328 0 0 186172 0 0 248220 12 0 0
fn=_IO_file_read
0 4 1 1 2 0 0 0 0 0 1 1 0 0
fn=_IO_file_seek
0 4 1 1 2 0 0 0 0 0 0 0 0 0
fn=_IO_file_seekoff@@GLIBC_2.2.5
0 213 16 16 61 0 0 39 0 0 36 13 4 4
fn=_IO_file_setbuf@@GLIBC_2.2.5
0 15 1 1 3 0 0 8 0 0 1 0 0 0
fn=_IO_file_stat
0 12 1 1 3 0 0 0 0 0 0 0 0 0
fn=_IO_file_sync@@GLIBC_2.2.5
0 13 3 3 6 0 0 2 0 0 2 1 0 0
fn=_IO_file_write@@GLIBC_2.2.5
0 2233908 2 2 496424 0 0 310265 0 0 310265 6 0 0
fn=_IO_file_xsgetn
0 33 4 4 10 0 0 6 0 0 3 1 0 0
fn=_IO_file_xsputn@@GLIBC_2.2.5
0 13853150 6 6 2852422 1 1 2207472 1 0 1550315 35 62053 2
fn=_IO_flush_all_lockp
0 96 8 8 27 6 2 13 0 0 22 15 1 1
fn=_IO_link_in
0 85 9 9 30 3 2 16 0 0 18 10 0 0
fn=_IO_no_init
0 33 3 3 5 0 0 20 2 2 1 0 0 0
fn=_IO_old_init
0 25 3 3 2 0 0 19 2 2 1 0 0 0
fn=_IO_seekoff_unlocked
0 47 2 2 11 1 0 3 0 0 10 3 3 1
fn=_IO_setb
0 76 1 1 19 0 0 18 0 0 4 3 0 0
fn=_IO_sgetn
0 3 1 1 2 0 0 0 0 0 0 0 1 1
fn=_IO_un_link
0 91 11 11 32 0 0 15 0 0 20 11 0 0
fn=_IO_unsave_markers
0 7 2 2 3 0 0 0 0 0 2 2 0 0
fn=__GI_memcpy
0 288 5 5 266 34 32 264 33 33 270 10 0 0
fn=__GI_mempcpy
0 108572837 5 5 32920653 0 0 32599706 31 31 11324397 481493 0 0
fn=__GI_strstr
0 24 6 6 9 1 1 6 0 0 2 2 0 0
fn=__call_tls_dtors
0 12 3 3 5 0 0 4 0 0 1 1 0 0
fn=__close_nocancel
0 5 1 1 1 0 0 0 0 0 1 0 0 0
fn=__ctype_init
0 16 2 2 10 1 0 3 0 0 0 0 0 0
fn=__cxa_atexit
0 22 2 2 5 0 0 8 0 0 1 0 0 0
fn=__cxa_finalize
0 46 4 4 12 2 0 6 0 0 7 1 0 0
fn=__default_morecore
0 14 1 1 2 0 0 2 0 0 0 0 0 0
fn=__fopen_internal
0 39 3 3 4 0 0 10 1 1 2 0 0 0
fn=__fopen_maybe_mmap
0 4 1 1 2 1 0 0 0 0 1 1 0 0
fn=__init_cpu_features
0 79 9 9 9 2 2 13 0 0 13 5 1 1
fn=__init_misc
0 24 2 2 7 0 0 5 1 0 2 0 0 0
fn=__libc_csu_init
0 34 2 2 8 1 0 8 0 0 2 0 1 1
fn=__libc_memalign
0 535 4 4 104 0 0 102 1 1 60 20 0 0
fn=__linkin_atfork
0 9 2 2 4 2 0 1 0 0 2 1 0 0
fn=__lseek_nocancel
0 10 0 0 2 0 0 0 0 0 2 0 0 0
fn=__memcpy_sse2_unaligned
0 151 5 5 38 0 0 34 4 4 21 8 0 0
fn=__new_exitfn
0 38 6 6 11 5 3 5 0 0 7 6 0 0
fn=__open_nocancel
0 5 1 1 1 0 0 0 0 0 1 0 0 0
fn=__read_nocancel
0 5 0 0 1 0 0 0 0 0 1 1 0 0
fn=__run_exit_handlers
0 56 5 5 9 3 0 10 0 0 9 2 2 2
fn=__sigjmp_save
0 9 0 0 2 0 0 2 0 0 1 1 0 0
fn=__sigsetjmp
0 79 4 4 19 0 0 32 1 1 0 0 0 0
fn=__tls_get_addr
0 11 2 2 7 2 0 0 0 0 2 0 0 0
fn=__unregister_atfork
0 13 2 1 5 0 0 1 0 0 3 2 0 0
fn=__write_nocancel
0 310265 0 0 62053 0 0 0 0 0 62053 0 0 0
fn=_dl_add_to_namespace_list
0 103 2 2 29 0 0 23 0 0 8 5 6 2
fn=_dl_add_to_slotinfo
0 24 2 2 9 3 0 6 0 0 1 0 0 0
fn=_dl_addr
0 56044 10 10 13650 1011 858 17 3 0 12809 1988 2 2
fn=_dl_allocate_tls_init
0 78 6 6 25 2 0 13 0 0 8 2 0 0
fn=_dl_allocate_tls_storage
0 323 3 3 7 0 0 296 37 37 290 10 0 0
fn=_dl_cache_libcmp
0 735 4 4 112 10 10 0 0 0 203 35 0 0
fn=_dl_catch_error
0 120 4 4 33 0 0 60 6 6 3 0 6 3
fn=_dl_check_all_versions
0 75 2 2 13 0 0 8 0 0 9 3 0 0
fn=_dl_check_map_versions
0 1233 13 13 403 6 6 167 13 13 146 53 0 0
fn=_dl_count_modids
0 4 1 1 3 0 0 0 0 0 1 0 0 0
fn=_dl_debug_initialize
0 41 3 3 13 2 1 4 0 0 12 11 0 0
fn=_dl_debug_state
0 2 0 0 2 0 0 0 0 0 0 0 0 0
fn=_dl_determine_tlsoffset
0 56 5 5 11 0 0 8 0 0 4 1 0 0
fn=_dl_discover_osversion
0 80 5 5 14 1 1 7 1 1 14 8 0 0
fn=_dl_find_dso_for_object
0 30 3 3 12 0 0 0 0 0 11 5 0 0
fn=_dl_fini
0 257 10 10 88 17 0 36 3 0 48 10 6 6
fn=_dl_fixup
0 1047 7 7 412 36 5 131 0 0 117 14 1 1
fn=_dl_important_hwcaps
0 259 18 18 51 0 0 44 2 2 31 14 0 0
fn=_dl_init
0 86 5 5 24 1 0 12 0 0 12 5 0 0
fn=_dl_init_paths
0 91 10 10 14 0 0 33 2 2 7 3 0 0
fn=_dl_initial_error_catch_tsd
0 8 0 0 4 0 0 0 0 0 0 0 0 0
fn=_dl_load_cache_lookup
0 323 15 15 58 9 9 32 0 0 56 9 0 0
fn=_dl_lookup_symbol_x
0 20007 10 10 4335 104 90 2521 9 0 2355 162 0 0
fn=_dl_map_object
0 415 26 26 86 0 0 67 5 5 68 22 0 0
fn=_dl_map_object_deps
0 1082 37 37 224 1 1 124 1 1 233 50 0 0
fn=_dl_map_object_from_fd
0 1729 49 49 363 16 16 199 24 24 336 94 0 0
fn=_dl_name_match_p
0 1643 3 3 425 3 0 244 1 0 245 38 0 0
fn=_dl_new_object
0 605 15 15 106 4 4 115 25 25 90 43 0 0
fn=_dl_next_ld_env_entry
0 343 2 2 118 26 26 1 0 0 114 21 0 0
fn=_dl_next_tls_modid
0 6 1 1 3 0 0 1 0 0 1 0 0 0
fn=_dl_receive_error
0 28 2 2 10 0 0 12 0 0 0 0 2 2
fn=_dl_relocate_object
0 18882 51 51 5173 672 616 2418 253 241 2789 144 111 13
fn=_dl_runtime_resolve
0 377 4 4 117 0 0 104 0 0 0 0 13 13
fn=_dl_setup_hash
0 88 2 2 28 5 5 24 0 0 4 0 0 0
fn=_dl_sort_fini
0 170 6 6 51 1 0 20 0 0 27 8 0 0
fn=_dl_start
0 620 16 16 128 25 23 55 16 16 110 30 7 1
fn=_dl_sysdep_read_whole_file
0 41 3 3 6 1 1 9 0 0 3 1 0 0
fn=_dl_sysdep_start
0 483 16 15 128 19 17 41 5 5 105 23 18 14
fn=_dl_sysdep_start_cleanup
0 1 1 0 1 0 0 0 0 0 0 0 0 0
fn=_dl_unload_cache
0 10 2 1 3 1 0 2 0 0 1 1 0 0
fn=_dl_vdso_vsym
0 24 2 2 12 1 0 0 0 0 4 4 0 0
fn=_fxstat
0 60 2 2 6 0 0 0 0 0 12 0 0 0
fn=_init
0 60 5 5 14 2 0 18 4 3 4 2 0 0
fn=_int_malloc
0 37800005858 50 50 7475000744 6 3 5800001022 19 19 5450000692 125000150 2 2
fn=_setjmp
0 2 1 1 0 0 0 0 0 0 0 0 0 0
fn=_start
0 11 1 1 1 0 0 3 0 0 0 0 0 0
fn=access
0 9 1 1 1 0 0 1 0 0 1 1 0 0
fn=bcmp
0 1041 12 12 244 11 11 76 3 3 182 59 0 0
fn=brk
0 47 3 3 7 0 0 4 1 1 8 0 0 0
fn=call_init.part.0
0 155 4 4 58 4 0 28 0 0 17 3 4 4
fn=calloc
0 64 1 1 0 0 0 0 0 0 8 8 0 0
fn=check_match.isra.0
0 5560 7 6 1946 49 16 627 6 0 827 28 0 0
fn=close
0 15 1 1 3 0 0 0 0 0 3 0 0 0
fn=dl_main
0 1056 73 73 213 25 18 140 17 17 213 82 1 1
fn=do_lookup_x
0 27571 17 17 9625 206 135 4278 8 0 3991 299 0 0
fn=do_preload
0 28 3 3 7 0 0 8 0 0 1 1 0 0
fn=exit
0 4 1 1 0 0 0 1 0 0 0 0 0 0
fn=fclose@@GLIBC_2.2.5
0 65 8 8 26 2 0 9 0 0 15 8 1 1
fn=fopen@@GLIBC_2.2.5
0 2 1 1 0 0 0 0 0 0 0 0 0 0
fn=fread
0 52 6 6 18 0 0 7 0 0 10 5 0 0
fn=free
0 32300000616 15 15 8600000165 0 0 3425000069 0 0 7650000152 125000035 0 0
fn=fseek
0 78 4 4 30 0 0 8 0 0 16 10 0 0
fn=ftell
0 41 6 6 15 0 0 4 0 0 10 7 0 0
fn=gettimeofday
0 14 1 1 1 0 0 5 0 0 0 0 0 0
fn=handle_intel.isra.0
0 94 5 5 14 0 0 26 0 0 6 2 0 0
fn=index
0 163 5 5 21 2 2 0 0 0 12 4 0 0
fn=init_cacheinfo
0 147 8 8 6 0 0 12 1 1 24 8 0 0
fn=init_tls
0 65 4 4 14 0 0 13 1 1 12 6 0 0
fn=intel_check_word
0 904 10 10 82 6 6 16 0 0 236 57 0 0
fn=isatty
0 8 1 1 1 0 0 1 1 0 0 0 0 0
fn=lseek
0 4 1 1 2 0 0 0 0 0 2 0 0 0
fn=malloc
0 13200001221 4 4 4400000390 2 0 1200000107 0 0 2800000246 65 1 1
fn=malloc_consolidate
0 935 10 10 96 0 0 287 32 32 201 41 0 0
fn=malloc_hook_ini
0 38 4 4 12 3 1 5 0 0 8 6 0 0
fn=map_doit
0 14 1 1 5 0 0 3 0 0 0 0 0 0
fn=match_symbol
0 356 5 5 140 14 14 36 0 0 92 12 0 0
fn=memcpy
0 379 6 6 58 0 0 45 8 8 100 55 0 0
fn=memcpy@@GLIBC_2.14
0 10 2 2 4 2 0 0 0 0 3 2 0 0
fn=memcpy@GLIBC_2.2.5
0 17 2 2 4 0 0 0 0 0 3 0 0 0
fn=mempcpy
0 143 5 5 21 1 1 16 3 3 38 20 0 0
fn=memset
0 2510 1 1 11 0 0 2444 39 39 2455 54 0 0
fn=mmap
0 66 3 3 11 0 0 0 0 0 11 0 0 0
fn=mprotect
0 30 1 1 6 0 0 0 0 0 6 0 0 0
fn=munmap
0 10 0 0 2 0 0 0 0 0 2 0 0 0
fn=open
0 17 2 2 4 0 0 0 0 0 4 0 0 0
fn=open_verify
0 409 12 12 88 6 6 42 1 1 71 22 0 0
fn=openaux
0 34 2 2 16 0 0 6 0 0 0 0 0 0
fn=printf
0 5468841 4 4 781263 1 0 2604210 0 0 260421 12 0 0
fn=ptmalloc_init.part.8
0 385 7 7 126 41 1 15 4 2 117 21 0 0
fn=putchar
0 10416840 5 5 4947999 0 0 1302105 0 0 2343789 12 0 0
fn=read
0 12 2 2 3 0 0 0 0 0 3 0 0 0
fn=rindex
0 24 2 2 2 1 0 0 0 0 3 0 0 0
fn=rtld_lock_default_lock_recursive
0 10 1 1 10 2 1 0 0 0 0 0 0 0
fn=rtld_lock_default_unlock_recursive
0 10 0 0 10 1 0 0 0 0 0 0 0 0
fn=sbrk
0 69 4 4 20 2 0 11 2 1 13 4 0 0
fn=strcasecmp
0 7 2 2 3 1 1 1 0 0 2 1 0 0
fn=strchrnul
0 97656462 7 7 33854187 1 1 0 0 0 4817721 260440 0 0
fn=strcmp
0 12266 1 1 3686 40 19 0 0 0 3304 259 0 0
fn=strdup
0 34 1 1 4 0 0 8 0 0 2 0 0 0
fn=strlen
0 591 4 4 68 0 0 0 0 0 145 38 0 0
fn=strncasecmp
0 6 2 2 3 0 0 0 0 0 2 2 0 0
fn=strsep
0 800 2 2 250 0 0 1 0 0 248 15 0 0
fn=tcgetattr
0 15 3 3 2 0 0 1 0 0 1 1 0 0
fn=time
0 14 2 2 1 0 0 5 0 0 0 0 0 0
fn=uname
0 5 1 1 1 0 0 0 0 0 1 0 0 0
fn=version_check_doit
0 10 1 1 4 0 0 2 0 0 1 1 0 0
fn=vfprintf
0 25781678 11 11 9114735 5 0 5729263 4 0 4687577 112 260421 1
fn=write
0 124106 1 1 62053 0 0 0 0 0 62053 0 0 0
summary: 226738962446 1045 1029 68809222412 2500 1974 26228953169 691 635 20025484594 533885389 10202767734 5157715191
