ackermann
 C
 Register Mapped
  130.55
  131.03
  130.71
  130.73
  131.32
  132.20
  130.17
  130.37
  136.38
  131.15
 Normal
  140.62
  141.00
  143.52
  140.84
  141.55
  140.91
  142.31
  142.23
  141.85
  140.74
 Table Only
  129.15
  131.46
  129.00
  129.14
  129.01
  129.50
  129.13
  128.84
  128.79
  129.07

fasta
 C
  3.39
  3.38
  3.38
  3.40
  3.37
  3.37
  3.36
  3.38
  3.37
  3.37
 Register Mapped
  35.28
  35.26
  36.01
  37.35
  47.14
  47.07
  46.06
  41.89
  40.07
  42.03
 Normal
  46.07
  42.03
  42.04
  42.12
  55.45
  55.40
  55.08
  49.10
  42.05
  54.47
 Table Only
  38.34
  45.75
  38.75
  38.47
  38.27
  38.43
  38.25
  38.34
  38.51
  40.42

reversecomplement
 C
  5.87
  0.86
  0.86
  0.85
  0.85
  0.85
  0.85
  0.85
  0.85
  0.85
 Register Mapped
  7.67
  7.67
  7.66
  7.67
  7.67
  7.67
  7.68
  7.69
  7.67
  7.68
 Normal
  10.38
  10.42
  10.38
  10.40
  10.38
  10.39
  10.39
  10.38
  10.68
  10.38
 Table Only
  8.16
  8.17
  8.16
  8.16
  8.17
  8.27
  8.19
  8.17
  8.23
  8.16

mersenne
 C
  10.68
  10.40
  12.20
  12.28
  11.36
  11.97
  11.75
  11.65
  10.44
  10.99
 Register Mapped
  24.01
  28.54
  27.09
  26.97
  28.21
  28.11
  28.13
  26.07
  24.02
  24.03
 Normal
  28.45
  28.39
  28.52
  29.06
  29.12
  29.54
  29.24
  28.44
  28.42
  28.41
 Table Only
  24.77
  24.73
  24.98
  25.70
  25.85
  26.15
  30.22
  29.46
  27.03
  25.94

fannkuch
 C
  3.11
  3.13
  3.11
  3.10
  3.10
  3.11
  3.10
  3.25
  3.15
  3.11
 Register Mapped
  27.28
  28.92
  29.23
  29.56
  29.52
  29.32
  29.87
  29.20
  29.36
  28.87
 Normal
  36.54
  37.10
  36.60
  39.55
  39.98
  35.61
  35.71
  35.78
  36.22
  36.74
 Table Only
  32.55
  29.87
  29.86
  29.95
  29.81
  29.85
  29.83
  36.95
  34.92
  34.94

primesieve
 C
  106.35
  90.98
  95.15
  105.24
  90.58
  90.79
  95.50
  106.88
  93.68
  101.24
 Register Mapped
  133.31
  133.05
  132.88
  135.92
  134.56
  135.12
  133.75
  135.06
  134.12
  141.03
 Normal
  151.34
  151.67
  151.20
  152.80
  152.81
  153.65
  153.59
  152.38
  155.48
  150.17
 Table Only
  140.44
  139.99
  140.81
  143.69
  140.02
  138.86
  139.63
  139.72
  139.51
  139.55

mandelbrot
 C
  35.49
  34.85
  35.27
  34.75
  34.75
  34.75
  34.78
  34.75
  34.75
  34.76
 Register Mapped
  322.61
  338.52
  344.53
  327.65
  309.05
  309.03
  309.30
  309.57
  319.84
  309.18
 Normal
  507.71
  507.68
  522.82
  510.46
  527.55
  509.29
  521.52
  508.92
  521.22
  522.99
 Table Only
  467.72
  457.13
  464.37
  472.52
  468.22
  458.67
  475.64
  466.31
  485.93
  449.37

