desc: I1 cache:         32768 B, 64 B, 8-way associative
desc: D1 cache:         32768 B, 64 B, 8-way associative
desc: LL cache:         3145728 B, 64 B, 12-way associative
cmd: ./vm ../Common/a.out
events: Ir I1mr ILmr Dr D1mr DLmr Dw D1mw DLmw Bc Bcm Bi Bim
fl=/home/matt/Varsity/Treatise/Work/Virtual Machines/Table Only/../Common/utility.c
fn=file_to_memory
45 4 1 1 0 0 0 2 0 0 0 0 0 0
46 5 1 1 1 0 0 2 2 0 0 0 0 0
47 2 0 0 1 0 0 0 0 0 1 1 0 0
50 5 0 0 1 0 0 1 0 0 0 0 0 0
51 4 0 0 1 0 0 2 0 0 0 0 0 0
52 5 1 1 1 0 0 1 0 0 0 0 0 0
54 6 0 0 1 0 0 2 0 0 0 0 0 0
56 12 1 1 4 0 0 1 0 0 1 1 0 0
62 3 0 0 1 0 0 1 0 0 0 0 0 0
63 5 0 0 2 0 0 1 0 0 0 0 0 0
64 1 0 0 1 0 0 0 0 0 0 0 0 0
65 2 0 0 2 0 0 0 0 0 0 0 0 0
fn=main
7 5 1 1 0 0 0 3 0 0 0 0 0 0
8 7 0 0 3 1 0 1 0 0 0 0 0 0
fn=println
13 1041684 0 0 0 0 0 520842 0 0 0 0 0 0
14 1041684 1 1 260421 0 0 260421 0 0 0 0 0 0
15 520842 0 0 0 0 0 260421 0 0 0 0 0 0
16 781263 0 0 520842 0 0 0 0 0 0 0 0 0
fl=/home/matt/Varsity/Treatise/Work/Virtual Machines/Table Only//codetable.asm
fn=???
2402 19 1 1 19 0 0 0 0 0 0 0 0 0
2403 19 0 0 19 0 0 0 0 0 0 0 0 0
2404 19 0 0 0 0 0 0 0 0 0 0 0 0
2405 19 0 0 0 0 0 19 0 0 0 0 0 0
2407 19 0 0 19 0 0 0 0 0 0 0 0 0
2408 19 0 0 19 0 0 0 0 0 0 0 19 1
2483 253906250 1 1 253906250 0 0 0 0 0 0 0 0 0
2484 253906250 0 0 253906250 0 0 0 0 0 0 0 0 0
2485 253906250 0 0 253906250 0 0 0 0 0 0 0 0 0
2486 253906250 1 1 0 0 0 0 0 0 0 0 0 0
2487 253906250 0 0 0 0 0 0 0 0 0 0 0 0
2488 253906250 0 0 0 0 0 253906250 0 0 0 0 0 0
2490 253906250 0 0 253906250 0 0 0 0 0 0 0 0 0
2491 253906250 0 0 253906250 0 0 0 0 0 0 0 253906250 203125001
2503 423432284 0 0 423432284 0 0 0 0 0 0 0 0 0
2504 423432284 0 0 423432284 0 0 0 0 0 0 0 0 0
2505 423432284 0 0 423432284 0 0 0 0 0 0 0 0 0
2506 423432284 0 0 0 0 0 0 0 0 0 0 0 0
2507 423432284 0 0 0 0 0 0 0 0 0 0 0 0
2508 423432284 0 0 0 0 0 423432284 0 0 0 0 0 0
2510 423432284 0 0 423432284 0 0 0 0 0 0 0 0 0
2511 423432284 0 0 423432284 0 0 0 0 0 0 0 423432284 1
2513 54166687 1 1 54166687 0 0 0 0 0 0 0 0 0
2514 54166687 0 0 54166687 0 0 0 0 0 0 0 0 0
2515 54166687 0 0 54166687 0 0 0 0 0 0 0 0 0
2516 54166687 0 0 0 0 0 0 0 0 0 0 0 0
2517 54166687 2 1 0 0 0 0 0 0 0 0 0 0
2518 54166687 0 0 0 0 0 54166687 0 0 0 0 0 0
2520 54166687 0 0 54166687 0 0 0 0 0 0 0 0 0
2521 54166687 0 0 54166687 1 1 0 0 0 0 0 54166687 5000004
2523 250000000 0 0 250000000 0 0 0 0 0 0 0 0 0
2524 250000000 0 0 250000000 0 0 0 0 0 0 0 0 0
2525 250000000 0 0 250000000 0 0 0 0 0 0 0 0 0
2526 250000000 0 0 0 0 0 0 0 0 0 0 0 0
2527 250000000 0 0 0 0 0 0 0 0 0 0 0 0
2528 250000000 0 0 0 0 0 250000000 0 0 0 0 0 0
2530 250000000 0 0 250000000 0 0 0 0 0 0 0 0 0
2531 250000000 0 0 250000000 0 0 0 0 0 0 0 250000000 2
2533 200000000 0 0 200000000 0 0 0 0 0 0 0 0 0
2534 200000000 1 1 200000000 0 0 0 0 0 0 0 0 0
2535 200000000 0 0 200000000 0 0 0 0 0 0 0 0 0
2536 200000000 0 0 0 0 0 0 0 0 0 0 0 0
2537 200000000 0 0 0 0 0 0 0 0 0 0 0 0
2538 200000000 0 0 0 0 0 200000000 0 0 0 0 0 0
2540 200000000 0 0 200000000 0 0 0 0 0 0 0 0 0
2541 200000000 0 0 200000000 1 1 0 0 0 0 0 200000000 1
3094 200000000 1 1 200000000 0 0 0 0 0 0 0 0 0
3095 200000000 0 0 200000000 0 0 0 0 0 0 0 0 0
3096 200000000 0 0 0 0 0 0 0 0 0 0 0 0
3097 200000000 0 0 0 0 0 200000000 0 0 0 0 0 0
3099 200000000 0 0 200000000 0 0 0 0 0 0 0 0 0
3100 200000000 0 0 200000000 0 0 0 0 0 0 0 200000000 1
3185 200000000 1 1 200000000 0 0 0 0 0 0 0 0 0
3186 200000000 0 0 200000000 0 0 0 0 0 0 0 0 0
3187 200000000 0 0 200000000 0 0 0 0 0 0 0 0 0
3188 200000000 0 0 0 0 0 0 0 0 0 0 0 0
3189 200000000 0 0 0 0 0 0 0 0 0 0 0 0
3190 200000000 0 0 0 0 0 200000000 0 0 0 0 0 0
3192 200000000 0 0 200000000 0 0 0 0 0 0 0 0 0
3193 200000000 1 1 200000000 1 1 0 0 0 0 0 200000000 1
3540 200000000 1 1 200000000 0 0 0 0 0 0 0 0 0
3541 200000000 0 0 200000000 0 0 0 0 0 0 0 0 0
3542 200000000 1 1 0 0 0 0 0 0 0 0 0 0
3543 200000000 0 0 200000000 0 0 0 0 0 0 0 0 0
3544 200000000 0 0 0 0 0 0 0 0 0 0 0 0
3545 200000000 0 0 0 0 0 0 0 0 0 0 0 0
3546 200000000 0 0 0 0 0 200000000 0 0 0 0 0 0
3547 200000000 0 0 0 0 0 200000000 0 0 0 0 0 0
3548 200000000 0 0 0 0 0 0 0 0 0 0 0 0
3550 200000000 0 0 200000000 0 0 0 0 0 0 0 0 0
3551 200000000 0 0 200000000 0 0 0 0 0 0 0 200000000 1
3592 200000000 1 1 200000000 0 0 0 0 0 0 0 0 0
3593 200000000 0 0 200000000 0 0 0 0 0 0 0 0 0
3594 200000000 0 0 0 0 0 0 0 0 0 0 0 0
3595 200000000 0 0 200000000 0 0 0 0 0 0 0 0 0
3596 200000000 0 0 0 0 0 0 0 0 0 0 0 0
3597 200000000 0 0 0 0 0 0 0 0 0 0 0 0
3598 200000000 0 0 0 0 0 200000000 0 0 0 0 0 0
3599 200000000 0 0 0 0 0 200000000 0 0 0 0 0 0
3600 200000000 0 0 0 0 0 0 0 0 0 0 0 0
3602 200000000 0 0 200000000 0 0 0 0 0 0 0 0 0
3603 200000000 1 1 200000000 0 0 0 0 0 0 0 200000000 1
5607 3 1 1 3 0 0 0 0 0 0 0 0 0
5608 3 0 0 0 0 0 3 0 0 0 0 0 0
5610 3 0 0 3 0 0 0 0 0 0 0 0 0
5611 3 0 0 3 0 0 0 0 0 0 0 3 1
5613 400000000 0 0 400000000 0 0 0 0 0 0 0 0 0
5614 400000000 0 0 0 0 0 400000000 0 0 0 0 0 0
5616 400000000 0 0 400000000 0 0 0 0 0 0 0 0 0
5617 400000000 1 1 400000000 0 0 0 0 0 0 0 400000000 400000000
5625 200000000 0 0 200000000 0 0 0 0 0 0 0 0 0
5626 200000000 0 0 0 0 0 200000000 0 0 0 0 0 0
5628 200000000 0 0 200000000 0 0 0 0 0 0 0 0 0
5629 200000000 0 0 200000000 0 0 0 0 0 0 0 200000000 1
5631 200000000 0 0 200000000 0 0 0 0 0 0 0 0 0
5632 200000000 1 1 0 0 0 200000000 0 0 0 0 0 0
5634 200000000 0 0 200000000 0 0 0 0 0 0 0 0 0
5635 200000000 0 0 200000000 0 0 0 0 0 0 0 200000000 1
5691 200000000 1 1 200000000 0 0 0 0 0 0 0 0 0
5692 200000000 0 0 0 0 0 200000000 0 0 0 0 0 0
5694 200000000 0 0 200000000 0 0 0 0 0 0 0 0 0
5695 200000000 0 0 200000000 0 0 0 0 0 0 0 200000000 1
5703 2 1 1 2 0 0 0 0 0 0 0 0 0
5704 2 0 0 0 0 0 2 0 0 0 0 0 0
5706 2 0 0 2 0 0 0 0 0 0 0 0 0
5707 2 0 0 2 0 0 0 0 0 0 0 2 1
5963 200260447 1 1 200260447 0 0 0 0 0 0 0 0 0
5964 200260447 0 0 200260447 0 0 0 0 0 0 0 0 0
5965 200260447 0 0 0 0 0 0 0 0 0 0 0 0
5966 200260447 0 0 0 0 0 200260447 1 0 0 0 0 0
5968 200260447 0 0 200260447 0 0 0 0 0 0 0 0 0
5969 200260447 0 0 200260447 3 3 0 0 0 0 0 200260447 416681
5979 204166687 1 1 204166687 0 0 0 0 0 0 0 0 0
5980 204166687 0 0 204166687 0 0 0 0 0 0 0 0 0
5981 204166687 0 0 0 0 0 0 0 0 0 0 0 0
5982 204166687 0 0 0 0 0 204166687 0 0 0 0 0 0
5984 204166687 0 0 204166687 0 0 0 0 0 0 0 0 0
5985 204166687 0 0 204166687 0 0 0 0 0 0 0 204166687 6666668
5987 174239 0 0 174239 0 0 0 0 0 0 0 0 0
5988 174239 0 0 174239 0 0 0 0 0 0 0 0 0
5989 174239 0 0 0 0 0 0 0 0 0 0 0 0
5990 174239 0 0 0 0 0 174239 0 0 0 0 0 0
5992 174239 0 0 174239 0 0 0 0 0 0 0 0 0
5993 174239 0 0 174239 2 2 0 0 0 0 0 174239 4
5995 8333334 0 0 8333334 0 0 0 0 0 0 0 0 0
5996 8333334 0 0 8333334 0 0 0 0 0 0 0 0 0
5997 8333334 0 0 0 0 0 0 0 0 0 0 0 0
5998 8333334 0 0 0 0 0 8333334 0 0 0 0 0 0
6000 8333334 0 0 8333334 0 0 0 0 0 0 0 0 0
6001 8333334 0 0 8333334 1 1 0 0 0 0 0 8333334 8333334
6003 1 1 1 1 0 0 0 0 0 0 0 0 0
6004 1 0 0 1 0 0 0 0 0 0 0 0 0
6005 1 0 0 0 0 0 0 0 0 0 0 0 0
6006 1 0 0 0 0 0 1 1 1 0 0 0 0
6008 1 1 1 1 0 0 0 0 0 0 0 0 0
6009 1 0 0 1 1 1 0 0 0 0 0 1 1
6050 400000002 1 1 400000002 0 0 0 0 0 0 0 0 0
6051 400000002 0 0 400000002 0 0 0 0 0 0 0 0 0
6052 400000002 0 0 0 0 0 400000002 0 0 0 0 0 0
6054 400000002 0 0 400000002 0 0 0 0 0 0 0 0 0
6055 400000002 0 0 400000002 1 1 0 0 0 0 0 400000002 400000001
6057 100833334 0 0 100833334 0 0 0 0 0 0 0 0 0
6058 100833334 0 0 100833334 0 0 0 0 0 0 0 0 0
6059 100833334 0 0 0 0 0 100833334 0 0 0 0 0 0
6061 100833334 0 0 100833334 0 0 0 0 0 0 0 0 0
6062 100833334 0 0 100833334 0 0 0 0 0 0 0 100833334 100833334
6064 5000005 1 1 5000005 0 0 0 0 0 0 0 0 0
6065 5000005 0 0 5000005 0 0 0 0 0 0 0 0 0
6066 5000005 0 0 0 0 0 5000005 0 0 0 0 0 0
6068 5000005 0 0 5000005 0 0 0 0 0 0 0 0 0
6069 5000005 0 0 5000005 1 1 0 0 0 0 0 5000005 1666673
6086 200000002 1 1 200000002 0 0 0 0 0 0 0 0 0
6087 200000002 0 0 200000002 0 0 0 0 0 0 0 0 0
6088 200000002 0 0 0 0 0 200000002 0 0 0 0 0 0
6090 200000002 0 0 200000002 0 0 0 0 0 0 0 0 0
6091 200000002 0 0 200000002 0 0 0 0 0 0 0 200000002 200000001
6100 50000000 1 1 50000000 0 0 0 0 0 0 0 0 0
6101 50000000 0 0 50000000 0 0 0 0 0 0 0 0 0
6102 50000000 0 0 0 0 0 50000000 0 0 0 0 0 0
6104 50000000 0 0 50000000 0 0 0 0 0 0 0 0 0
6105 50000000 0 0 50000000 1 1 0 0 0 0 0 50000000 1
6129 200000007 1 1 200000007 0 0 0 0 0 0 0 0 0
6130 200000007 0 0 200000007 0 0 0 0 0 0 0 0 0
6131 200000007 0 0 0 0 0 200000007 0 0 0 0 0 0
6133 200000007 0 0 200000007 0 0 0 0 0 0 0 0 0
6134 200000007 0 0 200000007 3 3 0 0 0 0 0 200000007 5
6143 50000000 1 1 50000000 0 0 0 0 0 0 0 0 0
6144 50000000 0 0 50000000 0 0 0 0 0 0 0 0 0
6145 50000000 0 0 0 0 0 50000000 0 0 0 0 0 0
6147 50000000 0 0 50000000 0 0 0 0 0 0 0 0 0
6148 50000000 0 0 50000000 0 0 0 0 0 0 0 50000000 1
6150 5000002 0 0 5000002 0 0 0 0 0 0 0 0 0
6151 5000002 0 0 5000002 0 0 0 0 0 0 0 0 0
6152 5000002 0 0 0 0 0 5000002 0 0 0 0 0 0
6154 5000002 0 0 5000002 0 0 0 0 0 0 0 0 0
6155 5000002 1 1 5000002 0 0 0 0 0 0 0 5000002 1666669
6179 3 1 1 3 0 0 0 0 0 0 0 0 0
6180 3 0 0 3 0 0 0 0 0 0 0 0 0
6181 3 0 0 0 0 0 3 0 0 0 0 0 0
6183 3 0 0 3 0 0 0 0 0 0 0 0 0
6184 3 0 0 3 1 1 0 0 0 0 0 3 2
6407 200000000 1 1 200000000 0 0 0 0 0 0 0 0 0
6408 200000000 0 0 200000000 0 0 0 0 0 0 0 0 0
6409 200000000 0 0 200000000 0 0 0 0 0 0 0 0 0
6410 200000000 0 0 0 0 0 200000000 0 0 0 0 0 0
6412 200000000 0 0 200000000 0 0 0 0 0 0 0 0 0
6413 200000000 0 0 200000000 0 0 0 0 0 0 0 200000000 1
6439 623432303 1 1 623432303 0 0 0 0 0 0 0 0 0
6440 623432303 0 0 623432303 0 0 0 0 0 0 0 0 0
6441 623432303 0 0 623432303 0 0 0 0 0 0 0 0 0
6442 623432303 0 0 0 0 0 623432303 0 0 0 0 0 0
6444 623432303 0 0 623432303 0 0 0 0 0 0 0 0 0
6445 623432303 0 0 623432303 2 2 0 0 0 0 0 623432303 2
6921 38 1 1 38 0 0 0 0 0 0 0 0 0
6922 38 0 0 38 0 0 0 0 0 0 0 0 0
6923 38 0 0 38 0 0 0 0 0 0 0 0 0
6924 38 0 0 0 0 0 38 0 0 0 0 0 0
6926 38 0 0 38 0 0 0 0 0 0 0 0 0
6927 38 0 0 38 1 1 0 0 0 0 0 38 2
6969 19 1 1 19 0 0 0 0 0 0 0 0 0
6970 19 0 0 19 0 0 0 0 0 0 0 0 0
6971 19 0 0 19 0 0 0 0 0 0 0 0 0
6972 19 0 0 0 0 0 19 0 0 0 0 0 0
6974 19 0 0 19 0 0 0 0 0 0 0 0 0
6975 19 0 0 19 1 1 0 0 0 0 0 19 1
9324 823432284 1 1 823432284 0 0 0 0 0 0 0 0 0
9325 823432284 0 0 823432284 0 0 0 0 0 0 0 0 0
9326 823432284 0 0 823432284 0 0 0 0 0 0 0 0 0
9327 823432284 0 0 0 0 0 823432284 0 0 0 0 0 0
9329 823432284 0 0 823432284 0 0 0 0 0 0 0 0 0
9330 823432284 0 0 823432284 0 0 0 0 0 0 0 823432284 400000000
9564 38 1 1 38 0 0 0 0 0 0 0 0 0
9565 38 1 1 38 0 0 0 0 0 0 0 0 0
9566 38 0 0 38 0 0 0 0 0 0 0 0 0
9567 38 0 0 0 0 0 38 0 0 0 0 0 0
9569 38 0 0 38 0 0 0 0 0 0 0 0 0
9570 38 0 0 38 1 1 0 0 0 0 0 38 38
12654 19 1 1 19 0 0 0 0 0 0 0 0 0
12655 19 0 0 19 0 0 0 0 0 0 0 0 0
12656 19 0 0 19 0 0 0 0 0 0 0 0 0
12657 19 0 0 0 0 0 19 1 1 0 0 0 0
12659 19 0 0 19 0 0 0 0 0 0 0 0 0
12660 19 0 0 19 0 0 0 0 0 0 0 19 1
13967 50000000 1 1 50000000 0 0 0 0 0 0 0 0 0
13968 50000000 0 0 50000000 0 0 0 0 0 0 0 0 0
13969 50000000 0 0 50000000 0 0 0 0 0 0 0 0 0
13970 50000000 0 0 0 0 0 50000000 0 0 0 0 0 0
13972 50000000 0 0 50000000 0 0 0 0 0 0 0 0 0
13973 50000000 0 0 50000000 1 1 0 0 0 0 0 50000000 1
14704 200000000 1 1 200000000 0 0 0 0 0 0 0 0 0
14705 200000000 0 0 200000000 0 0 0 0 0 0 0 0 0
14706 200000000 0 0 200000000 0 0 0 0 0 0 0 0 0
14707 200000000 0 0 0 0 0 200000000 27 27 0 0 0 0
14709 200000000 0 0 200000000 0 0 0 0 0 0 0 0 0
14710 200000000 1 1 200000000 1 1 0 0 0 0 0 200000000 1
15056 50000000 1 1 50000000 0 0 0 0 0 0 0 0 0
15057 50000000 0 0 50000000 0 0 0 0 0 0 0 0 0
15058 50000000 0 0 50000000 0 0 0 0 0 0 0 0 0
15059 50000000 0 0 0 0 0 50000000 15 15 0 0 0 0
15061 50000000 0 0 50000000 0 0 0 0 0 0 0 0 0
15062 50000000 0 0 50000000 0 0 0 0 0 0 0 50000000 1
15296 2 1 1 2 0 0 0 0 0 0 0 0 0
15297 2 0 0 2 0 0 0 0 0 0 0 0 0
15298 2 0 0 2 0 0 0 0 0 0 0 0 0
15299 2 0 0 0 0 0 2 0 0 0 0 0 0
15301 2 0 0 2 0 0 0 0 0 0 0 0 0
15302 2 0 0 2 0 0 0 0 0 0 0 2 1
15536 4166666 1 1 4166666 0 0 0 0 0 0 0 0 0
15537 4166666 0 0 4166666 0 0 0 0 0 0 0 0 0
15538 4166666 1 1 4166666 0 0 0 0 0 0 0 0 0
15539 4166666 0 0 0 0 0 4166666 1 1 0 0 0 0
15541 4166666 0 0 4166666 0 0 0 0 0 0 0 0 0
15542 4166666 0 0 4166666 0 0 0 0 0 0 0 4166666 520833
16017 677859389 2 1 677859389 0 0 0 0 0 0 0 0 0
16018 677859389 0 0 0 0 0 0 0 0 0 0 0 0
16020 677859389 0 0 677859389 0 0 0 0 0 0 0 0 0
16021 677859389 0 0 677859389 0 0 0 0 0 0 0 677859389 289977107
16250 623432284 1 1 623432284 0 0 0 0 0 0 0 0 0
16251 623432284 0 0 623432284 0 0 0 0 0 0 0 0 0
16252 623432284 0 0 0 0 0 0 0 0 0 0 0 0
16253 623432284 0 0 0 0 0 0 0 0 623432284 0 0 0
16254 623432284 0 0 0 0 0 0 0 0 623432284 0 0 0
16256 623432284 0 0 623432284 0 0 0 0 0 0 0 0 0
16257 623432284 0 0 0 0 0 0 0 0 0 0 0 0
16264 623432284 0 0 0 0 0 0 0 0 0 0 0 0
16266 623432284 0 0 623432284 0 0 0 0 0 0 0 0 0
16267 623432284 0 0 623432284 1 1 0 0 0 0 0 623432284 1
16269 21 1 1 21 0 0 0 0 0 0 0 0 0
16270 21 0 0 21 0 0 0 0 0 0 0 0 0
16271 21 0 0 0 0 0 0 0 0 0 0 0 0
16272 21 1 1 0 0 0 0 0 0 21 0 0 0
16273 21 0 0 0 0 0 0 0 0 21 2 0 0
16275 19 0 0 19 0 0 0 0 0 0 0 0 0
16276 19 0 0 0 0 0 0 0 0 0 0 0 0
16278 2 0 0 2 0 0 0 0 0 0 0 0 0
16279 2 0 0 0 0 0 0 0 0 0 0 0 0
16283 21 0 0 0 0 0 0 0 0 0 0 0 0
16285 21 0 0 21 0 0 0 0 0 0 0 0 0
16286 21 0 0 21 1 1 0 0 0 0 0 21 4
16364 50000000 0 0 50000000 0 0 0 0 0 0 0 0 0
16365 50000000 0 0 50000000 0 0 0 0 0 0 0 0 0
16366 50000000 0 0 0 0 0 0 0 0 0 0 0 0
16367 50000000 0 0 0 0 0 0 0 0 50000000 2 0 0
16368 50000000 0 0 0 0 0 0 0 0 50000000 174216 0 0
16370 49825784 0 0 49825784 0 0 0 0 0 0 0 0 0
16371 49825784 0 0 0 0 0 0 0 0 0 0 0 0
16373 174216 0 0 174216 0 0 0 0 0 0 0 0 0
16374 174216 0 0 0 0 0 0 0 0 0 0 0 0
16378 50000000 0 0 0 0 0 0 0 0 0 0 0 0
16380 50000000 0 0 50000000 0 0 0 0 0 0 0 0 0
16381 50000000 0 0 50000000 0 0 0 0 0 0 0 50000000 348433
16383 254166668 1 1 254166668 0 0 0 0 0 0 0 0 0
16384 254166668 1 1 254166668 0 0 0 0 0 0 0 0 0
16385 254166668 0 0 0 0 0 0 0 0 0 0 0 0
16386 254166668 0 0 0 0 0 0 0 0 254166668 0 0 0
16387 254166668 0 0 0 0 0 0 0 0 254166668 4166668 0 0
16389 250000000 0 0 250000000 0 0 0 0 0 0 0 0 0
16390 250000000 0 0 0 0 0 0 0 0 0 0 0 0
16392 4166668 0 0 4166668 0 0 0 0 0 0 0 0 0
16393 4166668 0 0 0 0 0 0 0 0 0 0 0 0
16397 254166668 0 0 0 0 0 0 0 0 0 0 0 0
16399 254166668 0 0 254166668 0 0 0 0 0 0 0 0 0
16400 254166668 0 0 254166668 1 1 0 0 0 0 0 254166668 205000002
16573 623432284 1 1 623432284 0 0 0 0 0 0 0 0 0
16574 623432284 0 0 623432284 0 0 0 0 0 0 0 0 0
16575 623432284 0 0 0 0 0 0 0 0 0 0 0 0
16576 623432284 0 0 0 0 0 0 0 0 623432284 203389229 0 0
16577 200142524 0 0 0 0 0 0 0 0 200142524 142524 0 0
16579 200000000 0 0 200000000 0 0 0 0 0 0 0 0 0
16580 200000000 0 0 0 0 0 0 0 0 0 0 0 0
16582 142524 0 0 142524 0 0 0 0 0 0 0 0 0
16583 142524 0 0 0 0 0 0 0 0 0 0 0 0
16585 423289760 1 1 423289760 0 0 0 0 0 0 0 0 0
16587 623432284 0 0 0 0 0 0 0 0 0 0 0 0
16589 623432284 0 0 623432284 0 0 0 0 0 0 0 0 0
16590 623432284 0 0 623432284 0 0 0 0 0 0 0 623432284 283747998
16707 4166671 1 1 4166671 0 0 0 0 0 0 0 0 0
16708 4166671 0 0 4166671 0 0 0 0 0 0 0 0 0
16709 4166671 0 0 4166671 0 0 0 0 0 0 0 0 0
16710 4166671 0 0 0 0 0 0 0 0 0 0 0 0
16711 4166671 0 0 0 0 0 0 0 0 4166671 260418 0 0
16712 3906253 0 0 0 0 0 0 0 0 3906253 1 0 0
16714 3906252 0 0 3906252 0 0 0 0 0 0 0 0 0
16715 3906252 0 0 0 0 0 0 0 0 0 0 0 0
16717 1 0 0 1 0 0 0 0 0 0 0 0 0
16718 1 0 0 0 0 0 0 0 0 0 0 0 0
16720 260418 0 0 260418 0 0 0 0 0 0 0 0 0
16722 4166671 1 1 0 0 0 0 0 0 0 0 0 0
16724 4166671 0 0 4166671 0 0 0 0 0 0 0 0 0
16725 4166671 0 0 4166671 0 0 0 0 0 0 0 4166671 520837
16767 12239591 1 1 12239591 0 0 0 0 0 0 0 0 0
16768 12239591 0 0 12239591 0 0 0 0 0 0 0 0 0
16769 12239591 0 0 12239591 0 0 0 0 0 0 0 0 0
16770 12239591 0 0 0 0 0 0 0 0 0 0 0 0
16771 12239591 0 0 0 0 0 0 0 0 12239591 32 0 0
16772 8 0 0 0 0 0 0 0 0 8 2 0 0
16774 6 0 0 6 0 0 0 0 0 0 0 0 0
16775 6 0 0 0 0 0 0 0 0 0 0 0 0
16777 2 0 0 2 0 0 0 0 0 0 0 0 0
16778 2 0 0 0 0 0 0 0 0 0 0 0 0
16780 12239583 0 0 12239583 0 0 0 0 0 0 0 0 0
16782 12239591 0 0 0 0 0 0 0 0 0 0 0 0
16784 12239591 0 0 12239591 0 0 0 0 0 0 0 0 0
16785 12239591 1 1 12239591 1 1 0 0 0 0 0 12239591 12239591
17346 400000005 1 1 400000005 0 0 0 0 0 0 0 0 0
17347 400000005 1 1 0 0 0 0 0 0 0 0 0 0
17348 400000005 0 0 0 0 0 0 0 0 0 0 0 0
17349 400000005 0 0 400000005 0 0 0 0 0 0 0 0 0
17350 400000005 0 0 0 0 0 0 0 0 0 0 0 0
17351 400000005 0 0 0 0 0 0 0 0 0 0 0 0
17352 400000005 0 0 0 0 0 0 0 0 0 0 0 0
17354 400000005 0 0 0 0 0 400000005 0 0 0 0 0 0
17355 400000005 0 0 0 0 0 400000005 0 0 0 0 0 0
17356 400000005 0 0 0 0 0 400000005 0 0 0 0 0 0
17357 400000005 0 0 0 0 0 400000005 0 0 0 0 0 0
17358 400000005 0 0 400000005 0 0 0 0 0 0 0 0 0
17359 400000005 0 0 400000005 0 0 0 0 0 0 0 0 0
17360 400000005 0 0 400000005 0 0 0 0 0 0 0 0 0
17362 400000005 0 0 0 0 0 0 0 0 0 0 0 0
17363 400000005 0 0 400000005 0 0 0 0 0 0 0 0 0
17364 400000005 0 0 400000005 0 0 0 0 0 0 0 0 0
17365 400000005 0 0 400000005 0 0 0 0 0 0 0 0 0
17366 400000005 1 1 400000005 0 0 0 0 0 0 0 0 0
17367 400000005 0 0 0 0 0 400000005 1 1 0 0 0 0
17368 400000005 0 0 0 0 0 400000005 0 0 0 0 0 0
17369 400000005 0 0 0 0 0 400000005 2 2 0 0 0 0
17370 400000005 0 0 0 0 0 400000005 0 0 0 0 0 0
17371 400000005 0 0 0 0 0 400000005 1 1 0 0 0 0
17372 400000005 0 0 0 0 0 400000005 0 0 0 0 0 0
17373 400000005 0 0 0 0 0 400000005 0 0 0 0 0 0
17374 400000005 0 0 0 0 0 400000005 0 0 0 0 0 0
17375 400000005 0 0 0 0 0 400000005 1 1 0 0 0 0
17376 400000005 0 0 0 0 0 400000005 0 0 0 0 0 0
17377 400000005 0 0 0 0 0 0 0 0 0 0 0 0
17378 400000005 0 0 0 0 0 0 0 0 0 0 0 0
17379 400000005 0 0 0 0 0 0 0 0 0 0 0 0
17380 400000005 0 0 0 0 0 0 0 0 0 0 0 0
17382 400000005 1 1 0 0 0 0 0 0 0 0 0 0
17383 400000005 0 0 0 0 0 400000005 0 0 0 0 0 0
17385 400000005 0 0 0 0 0 0 0 0 0 0 0 0
17386 400000005 0 0 400000005 0 0 0 0 0 0 0 0 0
17387 400000005 0 0 0 0 0 0 0 0 0 0 0 0
17388 400000005 0 0 400000005 0 0 0 0 0 0 0 0 0
17390 400000005 0 0 0 0 0 0 0 0 0 0 0 0
17391 400000005 0 0 0 0 0 0 0 0 0 0 0 0
17392 400000005 0 0 0 0 0 0 0 0 0 0 0 0
17393 400000005 0 0 0 0 0 0 0 0 0 0 0 0
17394 400000005 0 0 0 0 0 0 0 0 0 0 0 0
17395 400000005 0 0 0 0 0 0 0 0 0 0 0 0
17397 400000005 0 0 0 0 0 0 0 0 0 0 0 0
17399 1000000018 0 0 0 0 0 0 0 0 1000000018 75000013 0 0
17400 600000013 0 0 600000013 0 0 600000013 0 0 0 0 0 0
17401 600000013 0 0 0 0 0 0 0 0 0 0 0 0
17402 600000013 0 0 0 0 0 0 0 0 0 0 0 0
17405 400000005 0 0 0 0 0 0 0 0 0 0 0 0
17407 400000005 0 0 0 0 0 0 0 0 0 0 0 0
17408 400000005 0 0 0 0 0 0 0 0 0 0 0 0
17409 400000005 0 0 0 0 0 0 0 0 0 0 0 0
17410 400000005 1 1 0 0 0 0 0 0 0 0 0 0
17411 400000005 0 0 0 0 0 0 0 0 0 0 0 0
17412 400000005 0 0 0 0 0 0 0 0 0 0 0 0
17414 400000005 0 0 400000005 0 0 0 0 0 0 0 0 0
17415 400000005 0 0 400000005 2 2 0 0 0 0 0 400000005 400000003
17418 400000006 0 0 0 0 0 0 0 0 0 0 0 0
17419 400000006 0 0 0 0 0 0 0 0 0 0 0 0
17421 400000006 0 0 400000006 0 0 0 0 0 0 0 0 0
17422 400000006 0 0 400000006 0 0 0 0 0 0 0 0 0
17423 400000006 0 0 400000006 0 0 0 0 0 0 0 0 0
17424 400000006 0 0 400000006 0 0 0 0 0 0 0 0 0
17425 400000006 0 0 0 0 0 400000006 0 0 0 0 0 0
17426 400000006 0 0 0 0 0 400000006 0 0 0 0 0 0
17427 400000006 0 0 0 0 0 400000006 0 0 0 0 0 0
17428 400000006 1 1 0 0 0 400000006 0 0 0 0 0 0
17429 400000006 0 0 400000006 0 0 0 0 0 0 0 0 0
17430 400000006 0 0 400000006 0 0 0 0 0 0 0 0 0
17432 400000006 0 0 0 0 0 400000006 0 0 0 0 0 0
17433 400000006 0 0 0 0 0 400000006 0 0 0 0 0 0
17434 400000006 0 0 400000006 0 0 0 0 0 0 0 0 0
17436 400000006 0 0 0 0 0 0 0 0 0 0 0 0
17437 400000006 0 0 0 0 0 0 0 0 400000006 1 0 0
17439 400000005 0 0 0 0 0 0 0 0 0 0 0 0
17441 400000005 0 0 400000005 0 0 0 0 0 0 0 0 0
17442 400000005 0 0 400000005 1 1 0 0 0 0 0 400000005 400000004
17529 19 1 1 19 0 0 0 0 0 0 0 0 0
17530 19 1 1 0 0 0 0 0 0 0 0 0 0
17531 19 0 0 0 0 0 0 0 0 0 0 0 0
17532 19 0 0 19 0 0 0 0 0 0 0 0 0
17533 19 0 0 0 0 0 0 0 0 0 0 0 0
17534 19 0 0 0 0 0 0 0 0 0 0 0 0
17535 19 0 0 0 0 0 19 0 0 0 0 0 0
17536 19 0 0 0 0 0 19 0 0 0 0 0 0
17537 19 0 0 0 0 0 19 0 0 0 0 0 0
17538 19 0 0 19 0 0 0 0 0 0 0 0 0
17539 19 0 0 0 0 0 19 0 0 0 0 0 0
17540 19 0 0 0 0 0 0 0 0 0 0 0 0
17541 19 0 0 19 0 0 0 0 0 0 0 0 0
17542 19 0 0 0 0 0 0 0 0 0 0 0 0
17543 19 0 0 0 0 0 0 0 0 0 0 0 0
17544 19 0 0 0 0 0 19 0 0 0 0 0 0
17545 19 0 0 0 0 0 0 0 0 0 0 0 0
17547 19 0 0 19 0 0 0 0 0 0 0 0 0
17548 19 0 0 19 1 1 0 0 0 0 0 19 1
17572 2 1 1 2 0 0 0 0 0 0 0 0 0
17573 2 0 0 0 0 0 0 0 0 0 0 0 0
17574 2 0 0 0 0 0 0 0 0 0 0 0 0
17575 2 0 0 0 0 0 2 0 0 0 0 0 0
17576 2 0 0 0 0 0 2 0 0 0 0 0 0
17577 2 0 0 2 0 0 0 0 0 0 0 0 0
17578 2 0 0 0 0 0 2 0 0 0 0 0 0
17579 2 0 0 0 0 0 0 0 0 0 0 0 0
17580 2 0 0 2 0 0 0 0 0 0 0 0 0
17581 2 0 0 0 0 0 0 0 0 0 0 0 0
17582 2 0 0 0 0 0 0 0 0 0 0 0 0
17583 2 0 0 0 0 0 2 0 0 0 0 0 0
17584 2 0 0 0 0 0 0 0 0 0 0 0 0
17586 2 0 0 2 0 0 0 0 0 0 0 0 0
17587 2 0 0 2 1 1 0 0 0 0 0 2 1
18083 3 1 1 3 0 0 0 0 0 0 0 0 0
18084 3 0 0 0 0 0 0 0 0 0 0 0 0
18085 3 0 0 0 0 0 3 0 0 0 0 0 0
18086 3 0 0 0 0 0 3 0 0 0 0 0 0
18087 3 0 0 0 0 0 3 0 0 0 0 0 0
18088 3 0 0 3 0 0 0 0 0 0 0 0 0
18089 3 0 0 3 0 0 0 0 0 0 0 0 0
18090 3 0 0 0 0 0 3 0 0 0 0 0 0
18091 3 0 0 0 0 0 0 0 0 0 0 0 0
18092 3 1 1 0 0 0 0 0 0 0 0 0 0
18093 3 0 0 0 0 0 3 0 0 0 0 0 0
18094 3 0 0 0 0 0 0 0 0 0 0 0 0
18096 3 0 0 3 0 0 0 0 0 0 0 0 0
18097 3 0 0 3 0 0 0 0 0 0 0 3 1
18588 4 2 1 4 0 0 0 0 0 0 0 0 0
18589 4 0 0 0 0 0 0 0 0 0 0 0 0
18590 4 0 0 0 0 0 0 0 0 0 0 0 0
18591 4 0 0 4 0 0 0 0 0 0 0 0 0
18592 4 0 0 0 0 0 0 0 0 0 0 0 0
18593 4 0 0 0 0 0 4 0 0 0 0 0 0
18594 4 0 0 0 0 0 4 0 0 0 0 0 0
18595 4 0 0 0 0 0 4 0 0 0 0 0 0
18596 4 0 0 0 0 0 4 0 0 0 0 0 0
18597 4 0 0 0 0 0 4 0 0 0 0 0 0
18598 4 0 0 0 0 0 0 0 0 0 0 0 0
18599 4 0 0 4 0 0 0 0 0 0 0 0 0
18600 4 0 0 4 0 0 0 0 0 0 0 0 0
18601 4 0 0 0 0 0 4 0 0 0 0 0 0
18602 4 0 0 4 0 0 0 0 0 0 0 0 0
18603 4 0 0 4 0 0 0 0 0 0 0 0 0
18604 4 0 0 4 0 0 0 0 0 0 0 0 0
18605 4 0 0 0 0 0 0 0 0 0 0 0 0
18606 4 1 1 0 0 0 4 0 0 0 0 0 0
18607 4 0 0 0 0 0 0 0 0 0 0 0 0
18609 4 0 0 4 0 0 0 0 0 0 0 0 0
18610 4 0 0 4 1 1 0 0 0 0 0 4 2
18939 260421 1 1 260421 0 0 0 0 0 0 0 0 0
18940 260421 0 0 0 0 0 0 0 0 0 0 0 0
18941 260421 0 0 0 0 0 260421 0 0 0 0 0 0
18942 260421 0 0 260421 0 0 0 0 0 0 0 0 0
18943 260421 0 0 0 0 0 0 0 0 0 0 0 0
18944 260421 0 0 0 0 0 260421 0 0 0 0 0 0
18945 260421 0 0 260421 0 0 0 0 0 0 0 0 0
18947 260421 0 0 260421 0 0 0 0 0 0 0 0 0
18948 260421 0 0 260421 0 0 0 0 0 0 0 260421 4
fl=/home/matt/Varsity/Treatise/Work/Virtual Machines/Table Only//templates/dispatch
fn=???
2 1 0 0 1 0 0 0 0 0 0 0 0 0
3 1 0 0 1 1 1 0 0 0 0 0 1 1
fl=/home/matt/Varsity/Treatise/Work/Virtual Machines/Table Only//vm.asm
fn=???
20 1 1 1 0 0 0 0 0 0 0 0 0 0
21 1 0 0 0 0 0 1 0 0 0 0 0 0
23 1 0 0 0 0 0 0 0 0 0 0 0 0
24 1 0 0 0 0 0 0 0 0 1 0 0 0
27 1 0 0 0 0 0 0 0 0 0 0 0 0
30 1 0 0 1 0 0 0 0 0 0 0 0 0
32 1 0 0 0 0 0 0 0 0 0 0 0 0
33 1 0 0 0 0 0 0 0 0 0 0 0 0
34 1 0 0 0 0 0 0 0 0 0 0 0 0
35 1 0 0 0 0 0 0 0 0 0 0 0 0
36 1 0 0 0 0 0 0 0 0 0 0 0 0
38 1 0 0 0 0 0 0 0 0 0 0 0 0
39 1 0 0 0 0 0 0 0 0 0 0 0 0
40 1 1 1 0 0 0 0 0 0 0 0 0 0
41 1 0 0 0 0 0 1 0 0 0 0 0 0
42 1 0 0 0 0 0 1 0 0 0 0 0 0
43 1 0 0 0 0 0 1 0 0 0 0 0 0
44 1 0 0 0 0 0 0 0 0 0 0 0 0
45 1 0 0 1 0 0 0 0 0 0 0 0 0
46 1 0 0 0 0 0 0 0 0 0 0 0 0
47 1 0 0 0 0 0 0 0 0 0 0 0 0
48 1 0 0 0 0 0 1 0 0 0 0 0 0
49 1 0 0 0 0 0 0 0 0 0 0 0 0
50 1 0 0 0 0 0 0 0 0 0 0 0 0
51 1 0 0 0 0 0 0 0 0 0 0 0 0
52 1 0 0 0 0 0 1 0 0 0 0 0 0
56 1 0 0 0 0 0 0 0 0 0 0 0 0
70 1 1 0 0 0 0 0 0 0 0 0 0 0
71 1 0 0 0 0 0 1 0 0 0 0 0 0
fl=???
fn=(below main)
0 58 4 4 17 2 0 16 0 0 7 0 2 2
fn=???
0 800521104 27 18 800520997 7 0 40 1 1 11 5 800520959 200000030
fn=_Exit
0 8 2 2 1 0 0 0 0 0 0 0 0 0
fn=_IO_cleanup
0 100 8 8 30 1 0 17 0 0 21 12 1 1
fn=_IO_default_finish
0 19 3 3 7 0 0 2 0 0 4 3 0 0
fn=_IO_default_setbuf
0 38 4 4 8 0 0 14 0 0 4 2 1 1
fn=_IO_default_xsputn
0 2427719 3 3 510365 0 0 446786 0 0 263679 2885 0 0
fn=_IO_do_write@@GLIBC_2.2.5
0 3226760 5 5 930796 0 0 682583 0 0 434372 9 62053 1
fn=_IO_doallocbuf
0 36 2 2 16 0 0 8 0 0 6 4 2 1
fn=_IO_file_close
0 2 1 1 1 0 0 0 0 0 0 0 0 0
fn=_IO_file_close_it@@GLIBC_2.2.5
0 48 4 4 10 0 0 16 0 0 4 2 1 1
fn=_IO_file_doallocate
0 102 4 4 22 2 0 14 1 0 12 2 2 2
fn=_IO_file_finish@@GLIBC_2.2.5
0 8 2 2 2 0 0 1 0 0 1 1 0 0
fn=_IO_file_fopen@@GLIBC_2.2.5
0 76 9 9 13 1 1 11 0 0 15 5 0 0
fn=_IO_file_init@@GLIBC_2.2.5
0 13 2 2 4 0 0 5 0 0 0 0 0 0
fn=_IO_file_overflow@@GLIBC_2.2.5
0 1365214 6 6 372328 0 0 186172 1 0 248220 12 0 0
fn=_IO_file_read
0 4 1 1 2 0 0 0 0 0 1 1 0 0
fn=_IO_file_seek
0 4 1 1 2 0 0 0 0 0 0 0 0 0
fn=_IO_file_seekoff@@GLIBC_2.2.5
0 213 16 16 61 0 0 39 0 0 36 13 4 4
fn=_IO_file_setbuf@@GLIBC_2.2.5
0 15 1 1 3 0 0 8 0 0 1 0 0 0
fn=_IO_file_stat
0 12 1 1 3 0 0 0 0 0 0 0 0 0
fn=_IO_file_sync@@GLIBC_2.2.5
0 13 3 3 6 0 0 2 0 0 2 1 0 0
fn=_IO_file_write@@GLIBC_2.2.5
0 2233908 2 2 496424 0 0 310265 1 0 310265 6 0 0
fn=_IO_file_xsgetn
0 33 4 4 10 0 0 6 0 0 3 1 0 0
fn=_IO_file_xsputn@@GLIBC_2.2.5
0 13853150 6 6 2852422 1 1 2207472 1 0 1550315 35 62053 2
fn=_IO_flush_all_lockp
0 96 8 8 27 6 2 13 0 0 22 14 1 1
fn=_IO_link_in
0 85 9 9 30 3 2 16 0 0 18 10 0 0
fn=_IO_no_init
0 33 3 3 5 0 0 20 2 2 1 0 0 0
fn=_IO_old_init
0 25 3 3 2 0 0 19 2 2 1 0 0 0
fn=_IO_seekoff_unlocked
0 47 2 2 11 1 0 3 0 0 10 3 3 1
fn=_IO_setb
0 76 1 1 19 0 0 18 0 0 4 3 0 0
fn=_IO_sgetn
0 3 1 1 2 0 0 0 0 0 0 0 1 1
fn=_IO_un_link
0 91 11 11 32 0 0 15 0 0 20 11 0 0
fn=_IO_unsave_markers
0 7 2 2 3 0 0 0 0 0 2 2 0 0
fn=__GI_memcpy
0 288 5 5 266 34 32 264 33 33 270 10 0 0
fn=__GI_mempcpy
0 108572837 5 5 32920653 0 0 32599706 31 31 11324397 467766 0 0
fn=__GI_strstr
0 24 6 6 9 1 1 6 0 0 2 2 0 0
fn=__call_tls_dtors
0 12 3 3 5 0 0 4 0 0 1 1 0 0
fn=__close_nocancel
0 5 1 1 1 0 0 0 0 0 1 0 0 0
fn=__ctype_init
0 16 2 2 10 1 0 3 0 0 0 0 0 0
fn=__cxa_atexit
0 22 2 2 5 0 0 8 0 0 1 0 0 0
fn=__cxa_finalize
0 46 4 4 12 2 0 6 0 0 7 1 0 0
fn=__default_morecore
0 14 1 1 2 0 0 2 1 0 0 0 0 0
fn=__fopen_internal
0 39 3 3 4 0 0 10 1 1 2 0 0 0
fn=__fopen_maybe_mmap
0 4 1 1 2 0 0 0 0 0 1 1 0 0
fn=__init_cpu_features
0 79 9 9 9 2 2 13 0 0 13 5 1 1
fn=__init_misc
0 24 2 2 7 0 0 5 1 0 2 0 0 0
fn=__libc_csu_init
0 34 3 3 8 1 0 8 0 0 2 0 1 1
fn=__libc_memalign
0 535 4 4 104 0 0 102 1 1 60 20 0 0
fn=__linkin_atfork
0 9 2 2 4 2 0 1 0 0 2 1 0 0
fn=__lseek_nocancel
0 10 0 0 2 0 0 0 0 0 2 0 0 0
fn=__memcpy_sse2_unaligned
0 151 5 5 38 0 0 34 4 4 21 8 0 0
fn=__new_exitfn
0 38 6 6 11 5 3 5 0 0 7 6 0 0
fn=__open_nocancel
0 5 1 1 1 0 0 0 0 0 1 0 0 0
fn=__read_nocancel
0 5 0 0 1 0 0 0 0 0 1 1 0 0
fn=__run_exit_handlers
0 56 5 5 9 3 0 10 0 0 9 2 2 2
fn=__sigjmp_save
0 9 0 0 2 0 0 2 0 0 1 1 0 0
fn=__sigsetjmp
0 79 4 4 19 0 0 32 1 1 0 0 0 0
fn=__tls_get_addr
0 11 2 2 7 2 0 0 0 0 2 0 0 0
fn=__unregister_atfork
0 13 2 1 5 0 0 1 0 0 3 2 0 0
fn=__write_nocancel
0 310265 0 0 62053 0 0 0 0 0 62053 0 0 0
fn=_dl_add_to_namespace_list
0 103 2 2 29 0 0 23 0 0 8 5 6 2
fn=_dl_add_to_slotinfo
0 24 2 2 9 3 0 6 0 0 1 0 0 0
fn=_dl_addr
0 56044 10 10 13650 1012 858 17 1 0 12809 1988 2 2
fn=_dl_allocate_tls_init
0 78 6 6 25 2 0 13 0 0 8 2 0 0
fn=_dl_allocate_tls_storage
0 323 3 3 7 0 0 296 37 37 290 10 0 0
fn=_dl_cache_libcmp
0 735 4 4 112 10 10 0 0 0 203 35 0 0
fn=_dl_catch_error
0 120 4 4 33 0 0 60 6 6 3 0 6 3
fn=_dl_check_all_versions
0 75 2 2 13 0 0 8 0 0 9 3 0 0
fn=_dl_check_map_versions
0 1233 13 13 403 6 6 167 13 13 146 53 0 0
fn=_dl_count_modids
0 4 1 1 3 0 0 0 0 0 1 0 0 0
fn=_dl_debug_initialize
0 41 3 3 13 2 1 4 0 0 12 11 0 0
fn=_dl_debug_state
0 2 0 0 2 0 0 0 0 0 0 0 0 0
fn=_dl_determine_tlsoffset
0 56 5 5 11 0 0 8 0 0 4 1 0 0
fn=_dl_discover_osversion
0 80 5 5 14 1 1 7 1 1 14 8 0 0
fn=_dl_find_dso_for_object
0 30 3 3 12 0 0 0 0 0 11 5 0 0
fn=_dl_fini
0 257 10 10 88 18 0 36 3 0 48 10 6 6
fn=_dl_fixup
0 1047 7 7 412 36 5 131 0 0 117 14 1 1
fn=_dl_important_hwcaps
0 259 18 18 51 0 0 44 2 2 31 14 0 0
fn=_dl_init
0 86 5 5 24 1 0 12 0 0 12 5 0 0
fn=_dl_init_paths
0 91 10 10 14 0 0 33 2 2 7 3 0 0
fn=_dl_initial_error_catch_tsd
0 8 0 0 4 0 0 0 0 0 0 0 0 0
fn=_dl_load_cache_lookup
0 323 15 15 58 9 9 32 0 0 56 9 0 0
fn=_dl_lookup_symbol_x
0 20007 10 10 4335 104 90 2521 9 0 2355 162 0 0
fn=_dl_map_object
0 415 26 26 86 0 0 67 4 4 68 22 0 0
fn=_dl_map_object_deps
0 1082 37 37 224 1 1 124 1 1 233 50 0 0
fn=_dl_map_object_from_fd
0 1729 49 49 363 17 17 199 22 22 336 94 0 0
fn=_dl_name_match_p
0 1643 4 3 425 3 0 244 1 1 245 38 0 0
fn=_dl_new_object
0 605 15 15 106 4 4 115 26 26 90 43 0 0
fn=_dl_next_ld_env_entry
0 343 2 2 118 25 25 1 0 0 114 21 0 0
fn=_dl_next_tls_modid
0 6 1 1 3 0 0 1 0 0 1 0 0 0
fn=_dl_receive_error
0 28 2 2 10 0 0 12 0 0 0 0 2 2
fn=_dl_relocate_object
0 18882 51 51 5173 672 616 2418 253 241 2789 144 111 13
fn=_dl_runtime_resolve
0 377 4 4 117 0 0 104 0 0 0 0 13 13
fn=_dl_setup_hash
0 88 2 2 28 5 5 24 0 0 4 0 0 0
fn=_dl_sort_fini
0 170 6 6 51 1 0 20 0 0 27 8 0 0
fn=_dl_start
0 620 16 16 128 25 23 55 18 17 110 30 7 1
fn=_dl_sysdep_read_whole_file
0 41 3 3 6 1 1 9 0 0 3 1 0 0
fn=_dl_sysdep_start
0 483 16 15 128 19 17 41 5 5 105 23 18 14
fn=_dl_sysdep_start_cleanup
0 1 1 0 1 0 0 0 0 0 0 0 0 0
fn=_dl_unload_cache
0 10 2 1 3 1 0 2 0 0 1 1 0 0
fn=_dl_vdso_vsym
0 24 2 2 12 1 0 0 0 0 4 4 0 0
fn=_fxstat
0 60 2 2 6 0 0 0 0 0 12 0 0 0
fn=_init
0 60 5 5 14 2 0 18 4 3 4 2 0 0
fn=_int_malloc
0 37800005858 50 50 7475000744 6 3 5800001022 19 19 5450000692 125000151 2 2
fn=_setjmp
0 2 1 1 0 0 0 0 0 0 0 0 0 0
fn=_start
0 11 1 1 1 0 0 3 0 0 0 0 0 0
fn=access
0 9 1 1 1 0 0 1 0 0 1 1 0 0
fn=bcmp
0 1041 12 12 244 11 11 76 3 3 182 59 0 0
fn=brk
0 47 3 3 7 0 0 4 1 1 8 0 0 0
fn=call_init.part.0
0 155 4 4 58 4 0 28 0 0 17 3 4 4
fn=calloc
0 64 1 1 0 0 0 0 0 0 8 8 0 0
fn=check_match.isra.0
0 5560 7 6 1946 49 16 627 5 0 827 27 0 0
fn=close
0 15 1 1 3 0 0 0 0 0 3 0 0 0
fn=dl_main
0 1056 73 73 213 24 18 140 17 17 213 82 1 1
fn=do_lookup_x
0 27571 17 17 9625 207 135 4278 9 0 3991 299 0 0
fn=do_preload
0 28 3 3 7 0 0 8 0 0 1 1 0 0
fn=exit
0 4 1 1 0 0 0 1 0 0 0 0 0 0
fn=fclose@@GLIBC_2.2.5
0 65 8 8 26 2 0 9 0 0 15 8 1 1
fn=fopen@@GLIBC_2.2.5
0 2 1 1 0 0 0 0 0 0 0 0 0 0
fn=fread
0 52 6 6 18 0 0 7 0 0 10 5 0 0
fn=free
0 32300000616 15 15 8600000165 0 0 3425000069 0 0 7650000152 125000035 0 0
fn=fseek
0 78 4 4 30 0 0 8 0 0 16 10 0 0
fn=ftell
0 41 6 6 15 0 0 4 0 0 10 7 0 0
fn=gettimeofday
0 14 1 1 1 0 0 5 0 0 0 0 0 0
fn=handle_intel.isra.0
0 94 5 5 14 0 0 26 0 0 6 2 0 0
fn=index
0 163 5 5 21 2 2 0 0 0 12 4 0 0
fn=init_cacheinfo
0 147 8 8 6 0 0 12 1 1 24 8 0 0
fn=init_tls
0 65 4 4 14 0 0 13 1 1 12 6 0 0
fn=intel_check_word
0 904 10 10 82 6 6 16 0 0 236 57 0 0
fn=isatty
0 8 1 1 1 0 0 1 1 0 0 0 0 0
fn=lseek
0 4 1 1 2 0 0 0 0 0 2 0 0 0
fn=malloc
0 13200001221 4 4 4400000390 2 0 1200000107 0 0 2800000246 65 1 1
fn=malloc_consolidate
0 935 10 10 96 0 0 287 32 32 201 41 0 0
fn=malloc_hook_ini
0 38 4 4 12 3 1 5 0 0 8 6 0 0
fn=map_doit
0 14 1 1 5 0 0 3 0 0 0 0 0 0
fn=match_symbol
0 356 5 5 140 14 14 36 0 0 92 12 0 0
fn=memcpy
0 390 6 6 59 0 0 46 8 8 102 58 0 0
fn=memcpy@@GLIBC_2.14
0 10 2 2 4 2 0 0 0 0 3 2 0 0
fn=memcpy@GLIBC_2.2.5
0 17 2 2 4 0 0 0 0 0 3 0 0 0
fn=mempcpy
0 143 5 5 21 1 1 16 3 3 38 20 0 0
fn=memset
0 2510 2 1 11 0 0 2444 39 39 2455 54 0 0
fn=mmap
0 66 3 3 11 0 0 0 0 0 11 0 0 0
fn=mprotect
0 30 1 1 6 0 0 0 0 0 6 0 0 0
fn=munmap
0 10 0 0 2 0 0 0 0 0 2 0 0 0
fn=open
0 17 2 2 4 0 0 0 0 0 4 0 0 0
fn=open_verify
0 409 12 12 88 6 6 42 2 2 71 22 0 0
fn=openaux
0 34 2 2 16 0 0 6 0 0 0 0 0 0
fn=printf
0 5468841 4 4 781263 1 0 2604210 0 0 260421 12 0 0
fn=ptmalloc_init.part.8
0 385 7 7 126 40 1 15 4 2 117 21 0 0
fn=putchar
0 10416840 5 5 4947999 0 0 1302105 0 0 2343789 12 0 0
fn=read
0 12 2 2 3 0 0 0 0 0 3 0 0 0
fn=rindex
0 24 2 2 2 1 0 0 0 0 3 0 0 0
fn=rtld_lock_default_lock_recursive
0 10 1 1 10 2 1 0 0 0 0 0 0 0
fn=rtld_lock_default_unlock_recursive
0 10 0 0 10 1 0 0 0 0 0 0 0 0
fn=sbrk
0 69 4 4 20 2 0 11 0 0 13 4 0 0
fn=strcasecmp
0 7 2 2 3 1 1 1 0 0 2 1 0 0
fn=strchrnul
0 97656462 7 7 33854187 1 1 0 0 0 4817721 260440 0 0
fn=strcmp
0 12266 1 1 3686 40 19 0 0 0 3304 259 0 0
fn=strdup
0 34 1 1 4 0 0 8 0 0 2 0 0 0
fn=strlen
0 610 4 4 71 0 0 0 0 0 153 39 0 0
fn=strncasecmp
0 6 2 2 3 0 0 0 0 0 2 2 0 0
fn=strsep
0 800 2 2 250 0 0 1 0 0 248 15 0 0
fn=tcgetattr
0 15 3 3 2 0 0 1 0 0 1 1 0 0
fn=time
0 14 2 2 1 0 0 5 0 0 0 0 0 0
fn=uname
0 5 1 1 1 0 0 0 0 0 1 0 0 0
fn=version_check_doit
0 10 1 1 4 0 0 2 0 0 1 1 0 0
fn=vfprintf
0 25781678 11 11 9114735 5 0 5729263 4 0 4687577 111 260421 1
fn=write
0 124106 1 1 62053 0 0 0 0 0 62053 0 0 0
summary: 174598508475 1080 1060 68809482813 2527 2004 26228953144 692 635 20025484604 533868769 10202767734 3520063385
