desc: I1 cache:         32768 B, 64 B, 8-way associative
desc: D1 cache:         32768 B, 64 B, 8-way associative
desc: LL cache:         3145728 B, 64 B, 12-way associative
cmd: ./vm ../Common/a.out
events: Ir I1mr ILmr Dr D1mr DLmr Dw D1mw DLmw Bc Bcm Bi Bim
fl=/home/matt/Varsity/Treatise/Work/Virtual Machines/Table Only/../Common/utility.c
fn=file_to_memory
45 4 1 1 0 0 0 2 0 0 0 0 0 0
46 5 1 1 1 0 0 2 2 0 0 0 0 0
47 2 0 0 1 0 0 0 0 0 1 1 0 0
50 5 0 0 1 0 0 1 0 0 0 0 0 0
51 4 0 0 1 0 0 2 0 0 0 0 0 0
52 5 1 1 1 0 0 1 0 0 0 0 0 0
54 6 0 0 1 0 0 2 0 0 0 0 0 0
56 12 1 1 4 0 0 1 0 0 1 1 0 0
62 3 0 0 1 0 0 1 0 0 0 0 0 0
63 5 0 0 2 0 0 1 0 0 0 0 0 0
64 1 0 0 1 0 0 0 0 0 0 0 0 0
65 2 0 0 2 0 0 0 0 0 0 0 0 0
fn=main
7 5 1 1 0 0 0 3 0 0 0 0 0 0
8 7 0 0 3 1 0 1 0 0 0 0 0 0
fn=println
13 8333348 0 0 0 0 0 4166674 0 0 0 0 0 0
14 8333348 1 1 2083337 0 0 2083337 0 0 0 0 0 0
15 4166674 0 0 0 0 0 2083337 0 0 0 0 0 0
16 6250011 0 0 4166674 0 0 0 0 0 0 0 0 0
fn=read_line
31 20833360 1 1 0 0 0 12500016 0 0 0 0 0 0
32 33333376 1 1 12500016 0 0 4166672 2 0 4166672 4 0 0
33 2 0 0 0 0 0 1 0 0 0 0 0 0
35 1020833651 0 0 758333564 0 0 4166671 0 0 254166745 6 0 0
36 1779167215 0 0 762500235 0 0 0 0 0 254166745 4166675 0 0
38 20833355 0 0 8333342 0 0 4166671 0 0 0 0 0 0
39 4166671 0 0 0 0 0 0 0 0 0 0 0 0
41 8333342 0 0 8333342 0 0 0 0 0 0 0 0 0
fl=/home/matt/Varsity/Treatise/Work/Virtual Machines/Table Only//codetable.asm
fn=???
2202 254166668 1 1 254166668 0 0 0 0 0 0 0 0 0
2203 254166668 0 0 254166668 0 0 0 0 0 0 0 0 0
2204 254166668 0 0 0 0 0 0 0 0 0 0 0 0
2205 254166668 0 0 0 0 0 254166668 0 0 0 0 0 0
2207 254166668 0 0 254166668 0 0 0 0 0 0 0 0 0
2208 254166668 0 0 254166668 3 3 0 0 0 0 0 254166668 8333336
2483 375000040 1 1 375000040 0 0 0 0 0 0 0 0 0
2484 375000040 0 0 375000040 0 0 0 0 0 0 0 0 0
2485 375000040 0 0 375000040 0 0 0 0 0 0 0 0 0
2486 375000040 1 1 0 0 0 0 0 0 0 0 0 0
2487 375000040 0 0 0 0 0 0 0 0 0 0 0 0
2488 375000040 0 0 0 0 0 375000040 0 0 0 0 0 0
2490 375000040 0 0 375000040 0 0 0 0 0 0 0 0 0
2491 375000040 0 0 375000040 0 0 0 0 0 0 0 375000040 1
2533 2083336 1 1 2083336 0 0 0 0 0 0 0 0 0
2534 2083336 0 0 2083336 0 0 0 0 0 0 0 0 0
2535 2083336 0 0 2083336 0 0 0 0 0 0 0 0 0
2536 2083336 0 0 0 0 0 0 0 0 0 0 0 0
2537 2083336 0 0 0 0 0 0 0 0 0 0 0 0
2538 2083336 0 0 0 0 0 2083336 0 0 0 0 0 0
2540 2083336 0 0 2083336 0 0 0 0 0 0 0 0 0
2541 2083336 0 0 2083336 0 0 0 0 0 0 0 2083336 4
2544 250000000 1 1 250000000 0 0 0 0 0 0 0 0 0
2545 250000000 0 0 250000000 0 0 0 0 0 0 0 0 0
2546 250000000 0 0 0 0 0 0 0 0 0 0 0 0
2547 250000000 0 0 0 0 0 250000000 0 0 0 0 0 0
2549 250000000 1 1 250000000 0 0 0 0 0 0 0 0 0
2550 250000000 0 0 250000000 1 1 0 0 0 0 0 250000000 1
2552 125000000 0 0 125000000 0 0 0 0 0 0 0 0 0
2553 125000000 0 0 125000000 0 0 0 0 0 0 0 0 0
2554 125000000 0 0 0 0 0 0 0 0 0 0 0 0
2555 125000000 0 0 0 0 0 125000000 0 0 0 0 0 0
2557 125000000 0 0 125000000 0 0 0 0 0 0 0 0 0
2558 125000000 0 0 125000000 2 2 0 0 0 0 0 125000000 1
5655 2 1 1 2 0 0 0 0 0 0 0 0 0
5656 2 0 0 0 0 0 2 0 0 0 0 0 0
5658 2 0 0 2 0 0 0 0 0 0 0 0 0
5659 2 0 0 2 0 0 0 0 0 0 0 2 1
5763 125000000 1 1 125000000 0 0 0 0 0 0 0 0 0
5764 125000000 0 0 0 0 0 125000000 0 0 0 0 0 0
5766 125000000 0 0 125000000 0 0 0 0 0 0 0 0 0
5767 125000000 0 0 125000000 0 0 0 0 0 0 0 125000000 1
5963 8333375 1 1 8333375 0 0 0 0 0 0 0 0 0
5964 8333375 0 0 8333375 0 0 0 0 0 0 0 0 0
5965 8333375 0 0 0 0 0 0 0 0 0 0 0 0
5966 8333375 0 0 0 0 0 8333375 1 1 0 0 0 0
5968 8333375 0 0 8333375 0 0 0 0 0 0 0 0 0
5969 8333375 0 0 8333375 7 7 0 0 0 0 0 8333375 4166679
5971 3 0 0 3 0 0 0 0 0 0 0 0 0
5972 3 0 0 3 0 0 0 0 0 0 0 0 0
5973 3 0 0 0 0 0 0 0 0 0 0 0 0
5974 3 0 0 0 0 0 3 0 0 0 0 0 0
5976 3 0 0 3 0 0 0 0 0 0 0 0 0
5977 3 0 0 3 3 3 0 0 0 0 0 3 2
5979 2083406 1 1 2083406 0 0 0 0 0 0 0 0 0
5980 2083406 0 0 2083406 0 0 0 0 0 0 0 0 0
5981 2083406 0 0 0 0 0 0 0 0 0 0 0 0
5982 2083406 0 0 0 0 0 2083406 0 0 0 0 0 0
5984 2083406 0 0 2083406 0 0 0 0 0 0 0 0 0
5985 2083406 0 0 2083406 1 1 0 0 0 0 0 2083406 2
6003 4166671 1 1 4166671 0 0 0 0 0 0 0 0 0
6004 4166671 0 0 4166671 0 0 0 0 0 0 0 0 0
6005 4166671 0 0 0 0 0 0 0 0 0 0 0 0
6006 4166671 0 0 0 0 0 4166671 0 0 0 0 0 0
6008 4166671 1 1 4166671 0 0 0 0 0 0 0 0 0
6009 4166671 0 0 4166671 3 3 0 0 0 0 0 4166671 1
6100 3 1 1 3 0 0 0 0 0 0 0 0 0
6101 3 0 0 3 2 2 0 0 0 0 0 0 0
6102 3 0 0 0 0 0 3 0 0 0 0 0 0
6104 3 0 0 3 0 0 0 0 0 0 0 0 0
6105 3 0 0 3 0 0 0 0 0 0 0 3 1
6107 4166668 0 0 4166668 0 0 0 0 0 0 0 0 0
6108 4166668 0 0 4166668 0 0 0 0 0 0 0 0 0
6109 4166668 0 0 0 0 0 4166668 0 0 0 0 0 0
6111 4166668 0 0 4166668 0 0 0 0 0 0 0 0 0
6112 4166668 0 0 4166668 0 0 0 0 0 0 0 4166668 1
6179 1 1 1 1 0 0 0 0 0 0 0 0 0
6180 1 0 0 1 0 0 0 0 0 0 0 0 0
6181 1 0 0 0 0 0 1 0 0 0 0 0 0
6183 1 0 0 1 0 0 0 0 0 0 0 0 0
6184 1 0 0 1 0 0 0 0 0 0 0 1 1
6186 3 0 0 3 0 0 0 0 0 0 0 0 0
6187 3 0 0 3 0 0 0 0 0 0 0 0 0
6188 3 0 0 0 0 0 3 0 0 0 0 0 0
6190 3 0 0 3 0 0 0 0 0 0 0 0 0
6191 3 0 0 3 0 0 0 0 0 0 0 3 1
6193 4166668 0 0 4166668 0 0 0 0 0 0 0 0 0
6194 4166668 1 1 4166668 0 0 0 0 0 0 0 0 0
6195 4166668 0 0 0 0 0 4166668 0 0 0 0 0 0
6197 4166668 0 0 4166668 0 0 0 0 0 0 0 0 0
6198 4166668 0 0 4166668 0 0 0 0 0 0 0 4166668 1
13183 3 1 1 3 0 0 0 0 0 0 0 0 0
13184 3 0 0 3 0 0 0 0 0 0 0 0 0
13185 3 0 0 3 2 2 0 0 0 0 0 0 0
13186 3 0 0 0 0 0 3 0 0 0 0 0 0
13188 3 0 0 3 0 0 0 0 0 0 0 0 0
13189 3 0 0 3 0 0 0 0 0 0 0 3 1
13223 254166668 1 1 254166668 0 0 0 0 0 0 0 0 0
13224 254166668 0 0 254166668 0 0 0 0 0 0 0 0 0
13225 254166668 0 0 254166668 0 0 0 0 0 0 0 0 0
13226 254166668 0 0 0 0 0 254166668 0 0 0 0 0 0
13228 254166668 0 0 254166668 0 0 0 0 0 0 0 0 0
13229 254166668 0 0 254166668 1 1 0 0 0 0 0 254166668 1
13775 125000000 1 1 125000000 0 0 0 0 0 0 0 0 0
13776 125000000 0 0 125000000 0 0 0 0 0 0 0 0 0
13777 125000000 0 0 125000000 1952499 1855039 0 0 0 0 0 0 0
13778 125000000 0 0 0 0 0 125000000 0 0 0 0 0 0
13780 125000000 0 0 125000000 0 0 0 0 0 0 0 0 0
13781 125000000 0 0 125000000 2 2 0 0 0 0 0 125000000 1
14431 4166671 1 1 4166671 0 0 0 0 0 0 0 0 0
14432 4166671 0 0 4166671 0 0 0 0 0 0 0 0 0
14433 4166671 0 0 4166671 0 0 0 0 0 0 0 0 0
14434 4166671 0 0 0 0 0 4166671 0 0 0 0 0 0
14436 4166671 0 0 4166671 0 0 0 0 0 0 0 0 0
14437 4166671 0 0 4166671 1 1 0 0 0 0 0 4166671 1
14519 250000000 1 1 250000000 0 0 0 0 0 0 0 0 0
14520 250000000 0 0 250000000 0 0 0 0 0 0 0 0 0
14521 250000000 0 0 250000000 0 0 0 0 0 0 0 0 0
14522 250000000 0 0 0 0 0 250000000 0 0 0 0 0 0
14524 250000000 0 0 250000000 0 0 0 0 0 0 0 0 0
14525 250000000 0 0 250000000 3 3 0 0 0 0 0 250000000 1
15056 32 1 1 32 0 0 0 0 0 0 0 0 0
15057 32 0 0 32 0 0 0 0 0 0 0 0 0
15058 32 0 0 32 0 0 0 0 0 0 0 0 0
15059 32 0 0 0 0 0 32 0 0 0 0 0 0
15061 32 0 0 32 0 0 0 0 0 0 0 0 0
15062 32 0 0 32 0 0 0 0 0 0 0 32 1
15072 127083374 1 1 127083374 0 0 0 0 0 0 0 0 0
15073 127083374 0 0 127083374 0 0 0 0 0 0 0 0 0
15074 127083374 0 0 127083374 0 0 0 0 0 0 0 0 0
15075 127083374 0 0 0 0 0 127083374 2 2 0 0 0 0
15077 127083374 0 0 127083374 2 2 0 0 0 0 0 0 0
15078 127083374 0 0 127083374 2 2 0 0 0 0 0 127083374 4166669
15840 250000000 1 1 250000000 0 0 0 0 0 0 0 0 0
15841 250000000 0 0 250000000 0 0 0 0 0 0 0 0 0
15842 250000000 0 0 250000000 0 0 0 0 0 0 0 0 0
15843 250000000 1 1 0 0 0 250000000 3905624 3808124 0 0 0 0
15845 250000000 0 0 250000000 0 0 0 0 0 0 0 0 0
15846 250000000 0 0 250000000 1 1 0 0 0 0 0 250000000 1
16017 381250085 1 1 381250085 0 0 0 0 0 0 0 0 0
16018 381250085 0 0 0 0 0 0 0 0 0 0 0 0
16020 381250085 0 0 381250085 2 2 0 0 0 0 0 0 0
16021 381250085 0 0 381250085 2 2 0 0 0 0 0 381250085 12500087
16212 125000040 1 1 125000040 0 0 0 0 0 0 0 0 0
16213 125000040 0 0 125000040 0 0 0 0 0 0 0 0 0
16214 125000040 0 0 0 0 0 0 0 0 0 0 0 0
16215 125000040 0 0 0 0 0 0 0 0 125000040 11 0 0
16216 42 0 0 0 0 0 0 0 0 42 2 0 0
16218 40 0 0 40 0 0 0 0 0 0 0 0 0
16219 40 0 0 0 0 0 0 0 0 0 0 0 0
16221 2 0 0 2 0 0 0 0 0 0 0 0 0
16222 2 0 0 0 0 0 0 0 0 0 0 0 0
16224 124999998 0 0 124999998 0 0 0 0 0 0 0 0 0
16226 125000040 0 0 0 0 0 0 0 0 0 0 0 0
16228 125000040 0 0 125000040 0 0 0 0 0 0 0 0 0
16229 125000040 0 0 125000040 2 2 0 0 0 0 0 125000040 3
16707 135416716 1 1 135416716 0 0 0 0 0 0 0 0 0
16708 135416716 0 0 135416716 0 0 0 0 0 0 0 0 0
16709 135416716 0 0 135416716 2 2 0 0 0 0 0 0 0
16710 135416716 0 0 0 0 0 0 0 0 0 0 0 0
16711 135416716 0 0 0 0 0 0 0 0 135416716 6 0 0
16712 127083380 0 0 0 0 0 0 0 0 127083380 2083339 0 0
16714 125000040 0 0 125000040 0 0 0 0 0 0 0 0 0
16715 125000040 0 0 0 0 0 0 0 0 0 0 0 0
16717 2083340 1 1 2083340 0 0 0 0 0 0 0 0 0
16718 2083340 0 0 0 0 0 0 0 0 0 0 0 0
16720 8333336 0 0 8333336 2 2 0 0 0 0 0 0 0
16722 135416716 0 0 0 0 0 0 0 0 0 0 0 0
16724 135416716 0 0 135416716 0 0 0 0 0 0 0 0 0
16725 135416716 0 0 135416716 7 7 0 0 0 0 0 135416716 12500010
16727 3 0 0 3 2 2 0 0 0 0 0 0 0
16728 3 0 0 3 0 0 0 0 0 0 0 0 0
16729 3 0 0 3 0 0 0 0 0 0 0 0 0
16730 3 0 0 0 0 0 0 0 0 0 0 0 0
16731 3 0 0 0 0 0 0 0 0 3 2 0 0
16732 1 0 0 0 0 0 0 0 0 1 1 0 0
16737 1 0 0 1 0 0 0 0 0 0 0 0 0
16738 1 0 0 0 0 0 0 0 0 0 0 0 0
16740 2 0 0 2 0 0 0 0 0 0 0 0 0
16742 3 1 1 0 0 0 0 0 0 0 0 0 0
16744 3 0 0 3 0 0 0 0 0 0 0 0 0
16745 3 0 0 3 3 3 0 0 0 0 0 3 2
16807 256250004 1 1 256250004 0 0 0 0 0 0 0 0 0
16808 256250004 1 1 256250004 0 0 0 0 0 0 0 0 0
16809 256250004 0 0 256250004 0 0 0 0 0 0 0 0 0
16810 256250004 0 0 0 0 0 0 0 0 0 0 0 0
16811 256250004 0 0 0 0 0 0 0 0 256250004 4166686 0 0
16812 4166670 0 0 0 0 0 0 0 0 4166670 2 0 0
16814 2 0 0 2 0 0 0 0 0 0 0 0 0
16815 2 0 0 0 0 0 0 0 0 0 0 0 0
16817 4166668 0 0 4166668 0 0 0 0 0 0 0 0 0
16818 4166668 0 0 0 0 0 0 0 0 0 0 0 0
16820 252083334 0 0 252083334 0 0 0 0 0 0 0 0 0
16822 256250004 0 0 0 0 0 0 0 0 0 0 0 0
16824 256250004 0 0 256250004 0 0 0 0 0 0 0 0 0
16825 256250004 0 0 256250004 3 3 0 0 0 0 0 256250004 10416672
18083 1 1 1 1 0 0 0 0 0 0 0 0 0
18084 1 0 0 0 0 0 0 0 0 0 0 0 0
18085 1 0 0 0 0 0 1 0 0 0 0 0 0
18086 1 0 0 0 0 0 1 0 0 0 0 0 0
18087 1 0 0 0 0 0 1 0 0 0 0 0 0
18088 1 0 0 1 0 0 0 0 0 0 0 0 0
18089 1 0 0 1 0 0 0 0 0 0 0 0 0
18090 1 0 0 0 0 0 1 0 0 0 0 0 0
18091 1 0 0 0 0 0 0 0 0 0 0 0 0
18092 1 1 1 0 0 0 0 0 0 0 0 0 0
18093 1 0 0 0 0 0 1 0 0 0 0 0 0
18094 1 0 0 0 0 0 0 0 0 0 0 0 0
18096 1 0 0 1 0 0 0 0 0 0 0 0 0
18097 1 0 0 1 0 0 0 0 0 0 0 1 1
18099 1 0 0 1 0 0 0 0 0 0 0 0 0
18100 1 0 0 0 0 0 0 0 0 0 0 0 0
18101 1 0 0 0 0 0 1 0 0 0 0 0 0
18102 1 0 0 0 0 0 1 0 0 0 0 0 0
18103 1 0 0 0 0 0 1 0 0 0 0 0 0
18104 1 0 0 1 0 0 0 0 0 0 0 0 0
18105 1 0 0 1 0 0 0 0 0 0 0 0 0
18106 1 0 0 0 0 0 1 0 0 0 0 0 0
18107 1 0 0 0 0 0 0 0 0 0 0 0 0
18108 1 0 0 0 0 0 0 0 0 0 0 0 0
18109 1 0 0 0 0 0 1 0 0 0 0 0 0
18110 1 0 0 0 0 0 0 0 0 0 0 0 0
18112 1 0 0 1 0 0 0 0 0 0 0 0 0
18113 1 1 1 1 0 0 0 0 0 0 0 1 1
18115 1 0 0 1 0 0 0 0 0 0 0 0 0
18116 1 0 0 0 0 0 0 0 0 0 0 0 0
18117 1 0 0 0 0 0 1 0 0 0 0 0 0
18118 1 0 0 0 0 0 1 0 0 0 0 0 0
18119 1 0 0 0 0 0 1 0 0 0 0 0 0
18120 1 0 0 1 0 0 0 0 0 0 0 0 0
18121 1 0 0 1 0 0 0 0 0 0 0 0 0
18122 1 0 0 0 0 0 1 0 0 0 0 0 0
18123 1 0 0 0 0 0 0 0 0 0 0 0 0
18124 1 0 0 0 0 0 0 0 0 0 0 0 0
18125 1 0 0 0 0 0 1 0 0 0 0 0 0
18126 1 0 0 0 0 0 0 0 0 0 0 0 0
18128 1 0 0 1 0 0 0 0 0 0 0 0 0
18129 1 0 0 1 0 0 0 0 0 0 0 1 1
18131 1 0 0 1 0 0 0 0 0 0 0 0 0
18132 1 1 1 0 0 0 0 0 0 0 0 0 0
18133 1 0 0 0 0 0 1 0 0 0 0 0 0
18134 1 0 0 0 0 0 1 0 0 0 0 0 0
18135 1 0 0 0 0 0 1 0 0 0 0 0 0
18136 1 0 0 1 0 0 0 0 0 0 0 0 0
18137 1 0 0 1 0 0 0 0 0 0 0 0 0
18138 1 0 0 0 0 0 1 0 0 0 0 0 0
18139 1 0 0 0 0 0 0 0 0 0 0 0 0
18140 1 0 0 0 0 0 0 0 0 0 0 0 0
18141 1 0 0 0 0 0 1 0 0 0 0 0 0
18142 1 0 0 0 0 0 0 0 0 0 0 0 0
18144 1 0 0 1 0 0 0 0 0 0 0 0 0
18145 1 0 0 1 1 1 0 0 0 0 0 1 1
18747 4166672 1 1 4166672 0 0 0 0 0 0 0 0 0
18748 4166672 0 0 0 0 0 4166672 0 0 0 0 0 0
18749 4166672 0 0 4166672 0 0 0 0 0 0 0 0 0
18750 4166672 1 1 0 0 0 0 0 0 0 0 0 0
18751 4166672 0 0 0 0 0 0 0 0 0 0 0 0
18752 4166672 0 0 0 0 0 4166672 0 0 0 0 0 0
18753 4166671 0 0 4166671 0 0 0 0 0 0 0 0 0
18754 4166671 0 0 0 0 0 0 0 0 0 0 0 0
18757 4166671 0 0 4166671 0 0 0 0 0 0 0 0 0
18758 4166671 0 0 4166671 3 3 0 0 0 0 0 4166671 1
18950 3 1 1 3 0 0 0 0 0 0 0 0 0
18951 3 1 1 0 0 0 0 0 0 0 0 0 0
18952 3 0 0 0 0 0 3 0 0 0 0 0 0
18953 3 0 0 3 0 0 0 0 0 0 0 0 0
18954 3 0 0 0 0 0 0 0 0 0 0 0 0
18955 3 0 0 0 0 0 3 0 0 0 0 0 0
18956 3 0 0 3 0 0 0 0 0 0 0 0 0
18958 3 0 0 3 0 0 0 0 0 0 0 0 0
18959 3 0 0 3 1 1 0 0 0 0 0 3 1
18961 2083334 0 0 2083334 0 0 0 0 0 0 0 0 0
18962 2083334 0 0 0 0 0 0 0 0 0 0 0 0
18963 2083334 0 0 0 0 0 2083334 0 0 0 0 0 0
18964 2083334 0 0 2083334 0 0 0 0 0 0 0 0 0
18965 2083334 0 0 0 0 0 0 0 0 0 0 0 0
18966 2083334 0 0 0 0 0 2083334 0 0 0 0 0 0
18967 2083334 0 0 2083334 0 0 0 0 0 0 0 0 0
18969 2083334 1 1 2083334 0 0 0 0 0 0 0 0 0
18970 2083334 0 0 2083334 0 0 0 0 0 0 0 2083334 1
fl=/home/matt/Varsity/Treatise/Work/Virtual Machines/Table Only//templates/dispatch
fn=???
2 1 0 0 1 0 0 0 0 0 0 0 0 0
3 1 0 0 1 1 1 0 0 0 0 0 1 1
fl=/home/matt/Varsity/Treatise/Work/Virtual Machines/Table Only//vm.asm
fn=???
20 1 1 1 0 0 0 0 0 0 0 0 0 0
21 1 0 0 0 0 0 1 0 0 0 0 0 0
23 1 0 0 0 0 0 0 0 0 0 0 0 0
24 1 0 0 0 0 0 0 0 0 1 0 0 0
27 1 0 0 0 0 0 0 0 0 0 0 0 0
30 1 0 0 1 0 0 0 0 0 0 0 0 0
32 1 0 0 0 0 0 0 0 0 0 0 0 0
33 1 0 0 0 0 0 0 0 0 0 0 0 0
34 1 0 0 0 0 0 0 0 0 0 0 0 0
35 1 0 0 0 0 0 0 0 0 0 0 0 0
36 1 0 0 0 0 0 0 0 0 0 0 0 0
38 1 0 0 0 0 0 0 0 0 0 0 0 0
39 1 0 0 0 0 0 0 0 0 0 0 0 0
40 1 1 1 0 0 0 0 0 0 0 0 0 0
41 1 0 0 0 0 0 1 0 0 0 0 0 0
42 1 0 0 0 0 0 1 0 0 0 0 0 0
43 1 0 0 0 0 0 1 0 0 0 0 0 0
44 1 0 0 0 0 0 0 0 0 0 0 0 0
45 1 0 0 1 0 0 0 0 0 0 0 0 0
46 1 0 0 0 0 0 0 0 0 0 0 0 0
47 1 0 0 0 0 0 0 0 0 0 0 0 0
48 1 0 0 0 0 0 1 0 0 0 0 0 0
49 1 0 0 0 0 0 0 0 0 0 0 0 0
50 1 0 0 0 0 0 0 0 0 0 0 0 0
51 1 0 0 0 0 0 0 0 0 0 0 0 0
52 1 0 0 0 0 0 1 0 0 0 0 0 0
56 1 0 0 0 0 0 0 0 0 0 0 0 0
fl=???
fn=(below main)
0 58 4 4 17 2 0 16 0 0 7 0 2 2
fn=???
0 8333565 25 22 8333460 10 6 38 1 1 11 5 8333423 27
fn=_Exit
0 8 2 2 1 1 1 0 0 0 0 0 0 0
fn=_IO_cleanup
0 100 8 8 30 0 0 17 0 0 21 12 1 1
fn=_IO_default_finish
0 19 3 3 7 0 0 2 0 0 4 3 0 0
fn=_IO_default_setbuf
0 38 4 4 8 0 0 14 0 0 4 2 1 1
fn=_IO_default_uflow
0 744644 2 2 372322 0 0 186161 0 0 62054 1 62054 1
fn=_IO_default_xsputn
0 1693672 2 2 350942 0 0 310252 0 0 239037 25481 0 0
fn=_IO_do_write@@GLIBC_2.2.5
0 1613408 4 4 465406 0 0 341297 510 4 217190 16 31027 1
fn=_IO_doallocbuf
0 54 2 2 24 0 0 12 0 0 9 6 3 1
fn=_IO_file_close
0 2 1 1 1 0 0 0 0 0 0 0 0 0
fn=_IO_file_close_it@@GLIBC_2.2.5
0 48 4 4 10 0 0 16 0 0 4 2 1 1
fn=_IO_file_doallocate
0 144 4 4 31 2 0 20 1 0 17 2 3 1
fn=_IO_file_finish@@GLIBC_2.2.5
0 8 2 2 2 0 0 1 0 0 1 1 0 0
fn=_IO_file_fopen@@GLIBC_2.2.5
0 76 9 9 13 1 1 11 0 0 15 5 0 0
fn=_IO_file_init@@GLIBC_2.2.5
0 13 2 2 4 0 0 5 0 0 0 0 0 0
fn=_IO_file_overflow@@GLIBC_2.2.5
0 693818 8 8 188712 0 0 94618 1 0 126656 532 0 0
fn=_IO_file_read
0 248220 1 1 124110 0 0 0 0 0 62055 1 0 0
fn=_IO_file_seek
0 4 1 1 2 0 0 0 0 0 0 0 0 0
fn=_IO_file_seekoff@@GLIBC_2.2.5
0 213 16 16 61 0 0 39 0 0 36 13 4 4
fn=_IO_file_setbuf@@GLIBC_2.2.5
0 15 1 1 3 0 0 8 0 0 1 0 0 0
fn=_IO_file_stat
0 16 1 1 4 0 0 0 0 0 0 0 0 0
fn=_IO_file_sync@@GLIBC_2.2.5
0 13 3 3 6 0 0 2 0 0 2 1 0 0
fn=_IO_file_underflow@@GLIBC_2.2.5
0 2482167 6 6 930809 2 2 620543 0 0 372325 6 62054 1
fn=_IO_file_write@@GLIBC_2.2.5
0 1116972 2 2 248216 1 1 155135 2 2 155135 6 0 0
fn=_IO_file_xsgetn
0 33 4 4 10 0 0 6 0 0 3 1 0 0
fn=_IO_file_xsputn@@GLIBC_2.2.5
0 98702683 6 6 20955446 3 3 16726714 3 2 10537741 30648 30519 2
fn=_IO_flush_all_lockp
0 96 8 8 27 7 7 13 0 0 22 15 1 1
fn=_IO_getline
0 8333344 1 1 0 0 0 0 0 0 0 0 0 0
fn=_IO_getline_info
0 260699790 7 7 58637567 3 2 54408842 2 0 25428298 2069 0 0
fn=_IO_link_in
0 85 9 9 30 3 2 16 0 0 18 10 0 0
fn=_IO_no_init
0 33 3 3 5 0 0 20 2 2 1 0 0 0
fn=_IO_old_init
0 25 3 3 2 0 0 19 2 2 1 0 0 0
fn=_IO_seekoff_unlocked
0 47 2 2 11 1 0 3 0 0 10 3 3 1
fn=_IO_setb
0 97 1 1 24 0 0 23 0 0 5 4 0 0
fn=_IO_sgetn
0 3 1 1 2 0 0 0 0 0 0 0 1 1
fn=_IO_switch_to_get_mode
0 1241080 2 2 434378 0 0 372324 0 0 186162 2 0 0
fn=_IO_un_link
0 91 11 11 32 0 0 15 0 0 20 11 0 0
fn=_IO_unsave_markers
0 7 2 2 3 0 0 0 0 0 2 2 0 0
fn=__GI_memcpy
0 338887091 6 6 57456612 15 14 53229922 14 14 64964880 9013571 0 0
fn=__GI_mempcpy
0 113179245 5 5 18834466 0 0 16731291 127 127 25156703 161526 0 0
fn=__GI_strstr
0 24 6 6 9 1 1 6 0 0 2 2 0 0
fn=__call_tls_dtors
0 12 3 3 5 1 1 4 0 0 1 1 0 0
fn=__close_nocancel
0 5 1 1 1 0 0 0 0 0 1 0 0 0
fn=__ctype_init
0 16 2 2 10 1 0 3 0 0 0 0 0 0
fn=__cxa_atexit
0 22 2 2 5 0 0 8 0 0 1 0 0 0
fn=__cxa_finalize
0 46 4 4 12 2 2 6 0 0 7 1 0 0
fn=__default_morecore
0 14 1 1 2 0 0 2 1 0 0 0 0 0
fn=__fopen_internal
0 39 3 3 4 0 0 10 1 1 2 0 0 0
fn=__fopen_maybe_mmap
0 4 1 1 2 0 0 0 0 0 1 1 0 0
fn=__init_cpu_features
0 79 9 9 9 2 2 13 0 0 13 5 1 1
fn=__init_misc
0 24 2 2 7 0 0 5 1 0 2 0 0 0
fn=__libc_csu_init
0 34 3 3 8 1 0 8 0 0 2 0 1 1
fn=__libc_memalign
0 535 4 4 104 0 0 102 1 1 60 20 0 0
fn=__linkin_atfork
0 9 2 2 4 2 0 1 0 0 2 1 0 0
fn=__lseek_nocancel
0 10 0 0 2 0 0 0 0 0 2 0 0 0
fn=__new_exitfn
0 38 6 6 11 5 3 5 0 0 7 6 0 0
fn=__open_nocancel
0 5 1 1 1 0 0 0 0 0 1 0 0 0
fn=__overflow
0 3048 2 2 1524 0 0 0 0 0 508 2 508 1
fn=__read_nocancel
0 310275 0 0 62055 0 0 0 0 0 62055 1 0 0
fn=__run_exit_handlers
0 56 5 5 9 3 3 10 0 0 9 3 2 2
fn=__sigjmp_save
0 9 0 0 2 0 0 2 0 0 1 1 0 0
fn=__sigsetjmp
0 79 4 4 19 0 0 32 1 1 0 0 0 0
fn=__tls_get_addr
0 11 2 2 7 3 3 0 0 0 2 0 0 0
fn=__uflow
0 1613404 4 4 558486 3 3 62054 0 0 434378 63 62054 1
fn=__unregister_atfork
0 13 2 2 5 2 2 1 0 0 3 2 0 0
fn=__write_nocancel
0 155135 0 0 31027 0 0 0 0 0 31027 0 0 0
fn=_dl_add_to_namespace_list
0 103 2 2 29 0 0 23 0 0 8 5 6 2
fn=_dl_add_to_slotinfo
0 24 2 2 9 3 0 6 0 0 1 0 0 0
fn=_dl_addr
0 56044 10 10 13650 1012 858 17 1 0 12809 1988 2 2
fn=_dl_allocate_tls_init
0 78 6 6 25 2 0 13 0 0 8 2 0 0
fn=_dl_allocate_tls_storage
0 323 3 3 7 0 0 296 37 37 290 10 0 0
fn=_dl_cache_libcmp
0 735 4 4 112 10 10 0 0 0 203 35 0 0
fn=_dl_catch_error
0 120 4 4 33 0 0 60 6 6 3 0 6 3
fn=_dl_check_all_versions
0 75 2 2 13 0 0 8 0 0 9 3 0 0
fn=_dl_check_map_versions
0 1233 13 13 403 6 6 167 13 13 146 53 0 0
fn=_dl_count_modids
0 4 1 1 3 0 0 0 0 0 1 0 0 0
fn=_dl_debug_initialize
0 41 3 3 13 2 1 4 0 0 12 11 0 0
fn=_dl_debug_state
0 2 0 0 2 0 0 0 0 0 0 0 0 0
fn=_dl_determine_tlsoffset
0 56 5 5 11 0 0 8 0 0 4 1 0 0
fn=_dl_discover_osversion
0 80 5 5 14 1 1 7 1 1 14 8 0 0
fn=_dl_find_dso_for_object
0 30 3 3 12 0 0 0 0 0 11 5 0 0
fn=_dl_fini
0 257 10 10 88 19 19 36 3 3 48 12 6 6
fn=_dl_fixup
0 964 6 6 380 50 28 120 1 1 108 13 0 0
fn=_dl_important_hwcaps
0 259 18 18 51 0 0 44 2 2 31 14 0 0
fn=_dl_init
0 86 5 5 24 1 0 12 0 0 12 5 0 0
fn=_dl_init_paths
0 91 10 10 14 0 0 33 2 2 7 3 0 0
fn=_dl_initial_error_catch_tsd
0 8 0 0 4 0 0 0 0 0 0 0 0 0
fn=_dl_load_cache_lookup
0 323 15 15 58 9 9 32 0 0 56 9 0 0
fn=_dl_lookup_symbol_x
0 19876 10 10 4301 108 96 2497 14 5 2340 166 0 0
fn=_dl_map_object
0 415 26 26 86 0 0 67 4 4 68 22 0 0
fn=_dl_map_object_deps
0 1082 37 37 224 1 1 124 1 1 233 50 0 0
fn=_dl_map_object_from_fd
0 1729 49 49 363 17 17 199 22 22 336 94 0 0
fn=_dl_name_match_p
0 1589 3 3 411 4 1 236 1 1 237 37 0 0
fn=_dl_new_object
0 605 15 15 106 4 4 115 26 26 90 43 0 0
fn=_dl_next_ld_env_entry
0 343 2 2 118 25 25 1 0 0 114 21 0 0
fn=_dl_next_tls_modid
0 6 1 1 3 0 0 1 0 0 1 0 0 0
fn=_dl_receive_error
0 28 2 2 10 0 0 12 0 0 0 0 2 2
fn=_dl_relocate_object
0 18882 51 51 5173 672 616 2418 253 241 2789 144 111 13
fn=_dl_runtime_resolve
0 348 4 4 108 0 0 96 0 0 0 0 12 12
fn=_dl_setup_hash
0 88 2 2 28 5 5 24 0 0 4 0 0 0
fn=_dl_sort_fini
0 170 6 6 51 1 1 20 0 0 27 9 0 0
fn=_dl_start
0 620 16 16 128 25 23 55 18 17 110 30 7 1
fn=_dl_sysdep_read_whole_file
0 41 3 3 6 1 1 9 0 0 3 1 0 0
fn=_dl_sysdep_start
0 483 16 15 128 19 17 41 5 5 105 23 18 14
fn=_dl_sysdep_start_cleanup
0 1 1 0 1 0 0 0 0 0 0 0 0 0
fn=_dl_unload_cache
0 10 2 1 3 1 0 2 0 0 1 1 0 0
fn=_dl_vdso_vsym
0 24 2 2 12 1 0 0 0 0 4 4 0 0
fn=_fxstat
0 70 2 2 7 0 0 0 0 0 14 0 0 0
fn=_init
0 60 5 5 14 2 0 18 4 3 4 2 0 0
fn=_int_malloc
0 1463 54 54 199 6 3 232 5 5 204 93 2 2
fn=_setjmp
0 2 1 1 0 0 0 0 0 0 0 0 0 0
fn=_start
0 11 1 1 1 0 0 3 0 0 0 0 0 0
fn=access
0 9 1 1 1 0 0 1 0 0 1 1 0 0
fn=bcmp
0 1041 12 12 244 11 11 76 3 3 182 59 0 0
fn=brk
0 47 3 3 7 0 0 4 1 1 8 0 0 0
fn=call_init.part.0
0 155 4 4 58 4 0 28 0 0 17 3 4 4
fn=calloc
0 64 1 1 0 0 0 0 0 0 8 8 0 0
fn=check_match.isra.0
0 5500 7 7 1925 51 22 620 6 3 818 27 0 0
fn=close
0 15 1 1 3 0 0 0 0 0 3 0 0 0
fn=dl_main
0 1056 73 73 213 24 18 140 17 17 213 82 1 1
fn=do_lookup_x
0 27307 17 17 9535 224 157 4234 13 6 3953 299 0 0
fn=do_preload
0 28 3 3 7 0 0 8 0 0 1 1 0 0
fn=exit
0 4 1 1 0 0 0 1 0 0 0 0 0 0
fn=fclose@@GLIBC_2.2.5
0 65 8 8 26 2 0 9 0 0 15 8 1 1
fn=fgets
0 258333661 6 6 79166767 6 4 37500047 0 0 50000063 249 0 0
fn=fopen@@GLIBC_2.2.5
0 2 1 1 0 0 0 0 0 0 0 0 0 0
fn=fread
0 52 6 6 18 0 0 7 0 0 10 5 0 0
fn=free
0 100 13 13 27 0 0 12 0 0 26 11 0 0
fn=fseek
0 78 4 4 30 0 0 8 0 0 16 10 0 0
fn=ftell
0 41 6 6 15 0 0 4 0 0 10 7 0 0
fn=gettimeofday
0 14 1 1 1 0 0 5 0 0 0 0 0 0
fn=handle_intel.isra.0
0 94 5 5 14 0 0 26 0 0 6 2 0 0
fn=index
0 163 5 5 21 2 2 0 0 0 12 4 0 0
fn=init_cacheinfo
0 147 8 8 6 0 0 12 1 1 24 8 0 0
fn=init_tls
0 65 4 4 14 0 0 13 1 1 12 6 0 0
fn=intel_check_word
0 904 10 10 82 6 6 16 0 0 236 57 0 0
fn=isatty
0 8 1 1 1 0 0 1 1 0 0 0 0 0
fn=lseek
0 4 1 1 2 0 0 0 0 0 2 0 0 0
fn=malloc
0 264 4 4 71 2 0 20 0 0 43 23 1 1
fn=malloc_consolidate
0 651 4 4 3 0 0 257 32 32 129 10 0 0
fn=malloc_hook_ini
0 38 4 4 12 3 1 5 0 0 8 6 0 0
fn=map_doit
0 14 1 1 5 0 0 3 0 0 0 0 0 0
fn=match_symbol
0 356 5 5 140 14 14 36 0 0 92 12 0 0
fn=memchr
0 195956574 11 11 24016329 175 175 0 0 0 36806264 2272978 0 0
fn=memcpy
0 390 6 6 59 0 0 46 8 8 102 58 0 0
fn=memcpy@GLIBC_2.2.5
0 17 2 2 4 0 0 0 0 0 3 0 0 0
fn=mempcpy
0 143 5 5 21 1 1 16 3 3 38 20 0 0
fn=memset
0 2510 2 2 11 0 0 2444 39 39 2455 54 0 0
fn=mmap
0 78 3 3 13 0 0 0 0 0 13 0 0 0
fn=mprotect
0 30 1 1 6 0 0 0 0 0 6 0 0 0
fn=munmap
0 10 0 0 2 0 0 0 0 0 2 0 0 0
fn=open
0 17 2 2 4 0 0 0 0 0 4 0 0 0
fn=open_verify
0 409 12 12 88 6 6 42 2 2 71 22 0 0
fn=openaux
0 34 2 2 16 0 0 6 0 0 0 0 0 0
fn=printf
0 43750077 4 4 6250011 5 4 20833370 2 2 2083337 7 0 0
fn=ptmalloc_init.part.8
0 385 7 7 126 40 1 15 4 2 117 21 0 0
fn=putchar
0 83333480 5 5 39583403 0 0 10416177 510 4 18750033 523 0 0
fn=read
0 124120 2 2 62057 0 0 0 0 0 62057 0 0 0
fn=rindex
0 24 2 2 2 1 0 0 0 0 3 0 0 0
fn=rtld_lock_default_lock_recursive
0 10 1 1 10 2 1 0 0 0 0 0 0 0
fn=rtld_lock_default_unlock_recursive
0 10 0 0 10 1 0 0 0 0 0 0 0 0
fn=sbrk
0 69 4 4 20 2 0 11 0 0 13 4 0 0
fn=strcasecmp
0 7 2 2 3 1 1 1 0 0 2 1 0 0
fn=strchrnul
0 91666828 5 5 10416685 2 2 0 0 0 6250011 6 0 0
fn=strcmp
0 12115 1 1 3638 42 25 0 0 0 3266 254 0 0
fn=strdup
0 34 1 1 4 0 0 8 0 0 2 0 0 0
fn=strlen
0 610 4 4 71 0 0 0 0 0 153 39 0 0
fn=strncasecmp
0 6 2 2 3 0 0 0 0 0 2 2 0 0
fn=strsep
0 800 2 2 250 0 0 1 0 0 248 15 0 0
fn=tcgetattr
0 15 3 3 2 0 0 1 0 0 1 1 0 0
fn=time
0 14 2 2 1 0 0 5 0 0 0 0 0 0
fn=uname
0 5 1 1 1 0 0 0 0 0 1 0 0 0
fn=version_check_doit
0 10 1 1 4 0 0 2 0 0 1 1 0 0
fn=vfprintf
0 206250362 11 11 72916795 19 14 45833415 14 10 37500065 128 2083337 2083337
fn=write
0 62054 1 1 31027 0 0 0 0 0 31027 0 0 0
summary: 24490533630 1072 1066 16027558384 1955297 1857372 2468254928 3907377 3808813 1439969228 21928751 3079415632 54166945
