desc: I1 cache:         32768 B, 64 B, 8-way associative
desc: D1 cache:         32768 B, 64 B, 8-way associative
desc: LL cache:         3145728 B, 64 B, 12-way associative
cmd: ./vm ../Common/a.out
events: Ir I1mr ILmr Dr D1mr DLmr Dw D1mw DLmw Bc Bcm Bi Bim
fl=/home/matt/Varsity/Treatise/Work/Virtual Machines/Table Only/../Common/utility.c
fn=file_to_memory
45 4 1 1 0 0 0 2 0 0 0 0 0 0
46 5 1 1 1 0 0 2 2 0 0 0 0 0
47 2 0 0 1 0 0 0 0 0 1 1 0 0
50 5 0 0 1 0 0 1 0 0 0 0 0 0
51 4 0 0 1 0 0 2 0 0 0 0 0 0
52 5 1 1 1 0 0 1 0 0 0 0 0 0
54 6 0 0 1 0 0 2 0 0 0 0 0 0
56 12 1 1 4 0 0 1 0 0 1 1 0 0
62 3 0 0 1 0 0 1 0 0 0 0 0 0
63 5 0 0 2 0 0 1 0 0 0 0 0 0
64 1 0 0 1 0 0 0 0 0 0 0 0 0
65 2 0 0 2 0 0 0 0 0 0 0 0 0
fn=main
7 5 1 1 0 0 0 3 0 0 0 0 0 0
8 7 0 0 3 1 0 1 0 0 0 0 0 0
fn=print_int
19 313992 1 1 0 0 0 156996 0 0 0 0 0 0
20 392490 0 0 78498 0 0 78498 0 0 0 0 0 0
21 235494 0 0 156996 0 0 0 0 0 0 0 0 0
fl=/home/matt/Varsity/Treatise/Work/Virtual Machines/Table Only//codetable.asm
fn=???
2503 999999 1 1 999999 0 0 0 0 0 0 0 0 0
2504 999999 0 0 999999 0 0 0 0 0 0 0 0 0
2505 999999 0 0 999999 0 0 0 0 0 0 0 0 0
2506 999999 0 0 0 0 0 0 0 0 0 0 0 0
2507 999999 0 0 0 0 0 0 0 0 0 0 0 0
2508 999999 0 0 0 0 0 999999 0 0 0 0 0 0
2510 999999 0 0 999999 0 0 0 0 0 0 0 0 0
2511 999999 0 0 999999 1 1 0 0 0 0 0 999999 1
3328 3084786719 1 1 3084786719 0 0 0 0 0 0 0 0 0
3329 3084786719 0 0 0 0 0 0 0 0 0 0 0 0
3330 3084786719 0 0 3084786719 0 0 0 0 0 0 0 0 0
3331 3084786719 0 0 0 0 0 0 0 0 0 0 0 0
3332 3084786719 0 0 0 0 0 3084786719 0 0 0 0 0 0
3333 3084786719 0 0 0 0 0 3084786719 0 0 0 0 0 0
3334 3084786719 0 0 0 0 0 0 0 0 0 0 0 0
3336 3084786719 0 0 3084786719 0 0 0 0 0 0 0 0 0
3337 3084786719 0 0 3084786719 1 1 0 0 0 0 0 3084786719 1
5673 78497 1 1 78497 0 0 0 0 0 0 0 0 0
5674 78497 0 0 0 0 0 78497 0 0 0 0 0 0
5676 78497 0 0 78497 0 0 0 0 0 0 0 0 0
5677 78497 0 0 78497 0 0 0 0 0 0 0 78497 1
5727 1 1 1 1 0 0 0 0 0 0 0 0 0
5728 1 0 0 0 0 0 1 0 0 0 0 0 0
5730 1 0 0 1 0 0 0 0 0 0 0 0 0
5731 1 0 0 1 0 0 0 0 0 0 0 1 1
5800 1 1 1 1 0 0 0 0 0 0 0 0 0
5801 1 1 1 0 0 0 1 0 0 0 0 0 0
5803 1 0 0 1 0 0 0 0 0 0 0 0 0
5804 1 0 0 1 0 0 0 0 0 0 0 1 1
5872 999999 1 1 999999 0 0 0 0 0 0 0 0 0
5873 999999 0 0 0 0 0 999999 0 0 0 0 0 0
5875 999999 0 0 999999 0 0 0 0 0 0 0 0 0
5876 999999 0 0 999999 1 1 0 0 0 0 0 999999 1
5902 1 1 1 1 0 0 0 0 0 0 0 0 0
5903 1 0 0 0 0 0 1 0 0 0 0 0 0
5905 1 0 0 1 0 0 0 0 0 0 0 0 0
5906 1 0 0 1 1 1 0 0 0 0 0 1 1
5971 1 1 1 1 0 0 0 0 0 0 0 0 0
5972 1 0 0 1 0 0 0 0 0 0 0 0 0
5973 1 0 0 0 0 0 0 0 0 0 0 0 0
5974 1 1 1 0 0 0 1 1 1 0 0 0 0
5976 1 0 0 1 0 0 0 0 0 0 0 0 0
5977 1 0 0 1 1 1 0 0 0 0 0 1 1
5979 1 0 0 1 0 0 0 0 0 0 0 0 0
5980 1 0 0 1 0 0 0 0 0 0 0 0 0
5981 1 0 0 0 0 0 0 0 0 0 0 0 0
5982 1 0 0 0 0 0 1 0 0 0 0 0 0
5984 1 0 0 1 0 0 0 0 0 0 0 0 0
5985 1 0 0 1 1 1 0 0 0 0 0 1 1
6022 1 1 1 0 0 0 1 0 0 0 0 0 0
6024 1 0 0 1 0 0 0 0 0 0 0 0 0
6025 1 1 1 1 0 0 0 0 0 0 0 1 1
6050 78497 1 1 78497 0 0 0 0 0 0 0 0 0
6051 78497 0 0 78497 0 0 0 0 0 0 0 0 0
6052 78497 0 0 0 0 0 78497 0 0 0 0 0 0
6054 78497 0 0 78497 0 0 0 0 0 0 0 0 0
6055 78497 0 0 78497 0 0 0 0 0 0 0 78497 1
6057 78497 0 0 78497 0 0 0 0 0 0 0 0 0
6058 78497 0 0 78497 0 0 0 0 0 0 0 0 0
6059 78497 1 1 0 0 0 78497 0 0 0 0 0 0
6061 78497 0 0 78497 0 0 0 0 0 0 0 0 0
6062 78497 0 0 78497 78206 44887 0 0 0 0 0 78497 1
6086 78497 1 1 78497 0 0 0 0 0 0 0 0 0
6087 78497 0 0 78497 78261 26944 0 0 0 0 0 0 0
6088 78497 0 0 0 0 0 78497 0 0 0 0 0 0
6090 78497 0 0 78497 0 0 0 0 0 0 0 0 0
6091 78497 0 0 78497 0 0 0 0 0 0 0 78497 1
6129 78497 0 0 78497 0 0 0 0 0 0 0 0 0
6130 78497 0 0 78497 0 0 0 0 0 0 0 0 0
6131 78497 0 0 0 0 0 78497 78246 53185 0 0 0 0
6133 78497 0 0 78497 0 0 0 0 0 0 0 0 0
6134 78497 0 0 78497 0 0 0 0 0 0 0 78497 1
6136 78498 1 1 78498 0 0 0 0 0 0 0 0 0
6137 78498 1 1 78498 0 0 0 0 0 0 0 0 0
6138 78498 0 0 0 0 0 78498 0 0 0 0 0 0
6140 78498 0 0 78498 0 0 0 0 0 0 0 0 0
6141 78498 0 0 78498 2 2 0 0 0 0 0 78498 2
6223 78498 1 1 78498 0 0 0 0 0 0 0 0 0
6224 78498 0 0 78498 0 0 0 0 0 0 0 0 0
6225 78498 0 0 78498 78248 44824 0 0 0 0 0 0 0
6226 78498 0 0 0 0 0 78498 0 0 0 0 0 0
6228 78498 0 0 78498 0 0 0 0 0 0 0 0 0
6229 78498 1 1 78498 78282 46113 0 0 0 0 0 78498 1
6263 78498 1 1 78498 0 0 0 0 0 0 0 0 0
6264 78498 0 0 78498 0 0 0 0 0 0 0 0 0
6265 78498 0 0 78498 75703 75678 0 0 0 0 0 0 0
6266 78498 0 0 0 0 0 78498 0 0 0 0 0 0
6268 78498 0 0 78498 0 0 0 0 0 0 0 0 0
6269 78498 0 0 78498 1 1 0 0 0 0 0 78498 1
6383 3084786719 1 1 3084786719 0 0 0 0 0 0 0 0 0
6384 3084786719 0 0 3084786719 0 0 0 0 0 0 0 0 0
6385 3084786719 0 0 3084786719 2945142950 2350194781 0 0 0 0 0 0 0
6386 3084786719 0 0 0 0 0 3084786719 0 0 0 0 0 0
6388 3084786719 0 0 3084786719 0 0 0 0 0 0 0 0 0
6389 3084786719 1 1 3084786719 1 1 0 0 0 0 0 3084786719 1
6504 78498 1 1 78498 0 0 0 0 0 0 0 0 0
6505 78498 0 0 78498 0 0 0 0 0 0 0 0 0
6506 78498 0 0 78498 28176 11342 0 0 0 0 0 0 0
6507 78498 0 0 0 0 0 78498 0 0 0 0 0 0
6509 78498 0 0 78498 0 0 0 0 0 0 0 0 0
6510 78498 0 0 78498 0 0 0 0 0 0 0 78498 1
6560 3084865217 1 1 3084865217 0 0 0 0 0 0 0 0 0
6561 3084865217 0 0 3084865217 0 0 0 0 0 0 0 0 0
6562 3084865217 0 0 3084865217 28429 28419 0 0 0 0 0 0 0
6563 3084865217 0 0 0 0 0 3084865217 0 0 0 0 0 0
6565 3084865217 0 0 3084865217 0 0 0 0 0 0 0 0 0
6566 3084865217 0 0 3084865217 1 1 0 0 0 0 0 3084865217 1
6576 3085786716 1 1 3085786716 0 0 0 0 0 0 0 0 0
6577 3085786716 0 0 3085786716 0 0 0 0 0 0 0 0 0
6578 3085786716 0 0 3085786716 1427479819 1113490502 0 0 0 0 0 0 0
6579 3085786716 0 0 0 0 0 3085786716 0 0 0 0 0 0
6581 3085786716 0 0 3085786716 0 0 0 0 0 0 0 0 0
6582 3085786716 1 1 3085786716 7537 44 0 0 0 0 0 3085786716 1843005
6672 921502 1 1 921502 0 0 0 0 0 0 0 0 0
6673 921502 0 0 921502 0 0 0 0 0 0 0 0 0
6674 921502 0 0 921502 471559 471558 0 0 0 0 0 0 0
6675 921502 0 0 0 0 0 921502 0 0 0 0 0 0
6677 921502 0 0 921502 0 0 0 0 0 0 0 0 0
6678 921502 1 1 921502 10195 63 0 0 0 0 0 921502 1
7178 1000000 1 1 1000000 1 1 0 0 0 0 0 0 0
7179 1000000 0 0 1000000 0 0 0 0 0 0 0 0 0
7180 1000000 0 0 1000000 0 0 0 0 0 0 0 0 0
7181 1000000 0 0 0 0 0 1000000 0 0 0 0 0 0
7183 1000000 0 0 1000000 0 0 0 0 0 0 0 0 0
7184 1000000 0 0 1000000 2 2 0 0 0 0 0 1000000 2
7226 999999 1 1 999999 0 0 0 0 0 0 0 0 0
7227 999999 0 0 999999 0 0 0 0 0 0 0 0 0
7228 999999 0 0 999999 0 0 0 0 0 0 0 0 0
7229 999999 0 0 0 0 0 999999 0 0 0 0 0 0
7231 999999 0 0 999999 0 0 0 0 0 0 0 0 0
7232 999999 0 0 999999 1 1 0 0 0 0 0 999999 1
7234 921502 0 0 921502 0 0 0 0 0 0 0 0 0
7235 921502 0 0 921502 0 0 0 0 0 0 0 0 0
7236 921502 0 0 921502 0 0 0 0 0 0 0 0 0
7237 921502 0 0 0 0 0 921502 0 0 0 0 0 0
7239 921502 0 0 921502 0 0 0 0 0 0 0 0 0
7240 921502 1 1 921502 0 0 0 0 0 0 0 921502 1
16017 3084943714 1 1 3084943714 0 0 0 0 0 0 0 0 0
16018 3084943714 0 0 0 0 0 0 0 0 0 0 0 0
16020 3084943714 0 0 3084943714 0 0 0 0 0 0 0 0 0
16021 3084943714 0 0 3084943714 0 0 0 0 0 0 0 3084943714 156993
16250 999999 1 1 999999 0 0 0 0 0 0 0 0 0
16251 999999 1 1 999999 0 0 0 0 0 0 0 0 0
16252 999999 0 0 0 0 0 0 0 0 0 0 0 0
16253 999999 0 0 0 0 0 0 0 0 999999 1 0 0
16254 999998 0 0 0 0 0 0 0 0 999998 1 0 0
16256 999997 0 0 999997 0 0 0 0 0 0 0 0 0
16257 999997 0 0 0 0 0 0 0 0 0 0 0 0
16259 1 0 0 1 0 0 0 0 0 0 0 0 0
16260 1 0 0 0 0 0 0 0 0 0 0 0 0
16262 1 0 0 1 0 0 0 0 0 0 0 0 0
16264 999999 0 0 0 0 0 0 0 0 0 0 0 0
16266 999999 0 0 999999 0 0 0 0 0 0 0 0 0
16267 999999 0 0 999999 1 1 0 0 0 0 0 999999 2
16707 3084786719 1 1 3084786719 0 0 0 0 0 0 0 0 0
16708 3084786719 0 0 3084786719 0 0 0 0 0 0 0 0 0
16709 3084786719 0 0 3084786719 0 0 0 0 0 0 0 0 0
16710 3084786719 0 0 0 0 0 0 0 0 0 0 0 0
16711 3084786719 0 0 0 0 0 0 0 0 3084786719 293403 0 0
16712 921502 0 0 0 0 0 0 0 0 921502 2 0 0
16717 921502 1 1 921502 0 0 0 0 0 0 0 0 0
16718 921502 0 0 0 0 0 0 0 0 0 0 0 0
16720 3083865217 0 0 3083865217 0 0 0 0 0 0 0 0 0
16722 3084786719 0 0 0 0 0 0 0 0 0 0 0 0
16724 3084786719 0 0 3084786719 0 0 0 0 0 0 0 0 0
16725 3084786719 0 0 3084786719 0 0 0 0 0 0 0 3084786719 843006
17249 156996 1 1 156996 0 0 0 0 0 0 0 0 0
17250 156996 0 0 0 0 0 0 0 0 0 0 0 0
17251 156996 0 0 0 0 0 0 0 0 156996 1 0 0
17253 156995 0 0 156995 0 0 0 0 0 0 0 0 0
17254 156995 0 0 0 0 0 0 0 0 0 0 0 0
17256 1 0 0 1 0 0 0 0 0 0 0 0 0
17259 156996 0 0 0 0 0 0 0 0 0 0 0 0
17262 156996 0 0 156996 0 0 0 0 0 0 0 0 0
17263 156996 0 0 156996 156361 106356 0 0 0 0 0 156996 156996
17265 3084943715 1 1 3084943715 0 0 0 0 0 0 0 0 0
17266 3084943715 0 0 0 0 0 0 0 0 0 0 0 0
17267 3084943715 0 0 0 0 0 0 0 0 3084943715 3 0 0
17269 3084943712 0 0 3084943712 0 0 0 0 0 0 0 0 0
17270 3084943712 0 0 0 0 0 0 0 0 0 0 0 0
17272 3 0 0 3 0 0 0 0 0 0 0 0 0
17275 3084943715 0 0 0 0 0 0 0 0 0 0 0 0
17278 3084943715 0 0 3084943715 1 1 0 0 0 0 0 0 0
17279 3084943715 0 0 3084943715 3 3 0 0 0 0 0 3084943715 7
17297 3084865214 1 1 3084865214 0 0 0 0 0 0 0 0 0
17298 3084865214 0 0 0 0 0 0 0 0 0 0 0 0
17299 3084865214 0 0 0 0 0 0 0 0 3084865214 78495 0 0
17301 3084786719 0 0 3084786719 0 0 0 0 0 0 0 0 0
17302 3084786719 0 0 0 0 0 0 0 0 0 0 0 0
17304 78495 0 0 78495 0 0 0 0 0 0 0 0 0
17307 3084865214 0 0 0 0 0 0 0 0 0 0 0 0
17310 3084865214 0 0 3084865214 0 0 0 0 0 0 0 0 0
17311 3084865214 0 0 3084865214 78148 50455 0 0 0 0 0 3084865214 156988
17346 78497 1 1 78497 0 0 0 0 0 0 0 0 0
17347 78497 1 1 0 0 0 0 0 0 0 0 0 0
17348 78497 0 0 0 0 0 0 0 0 0 0 0 0
17349 78497 0 0 78497 0 0 0 0 0 0 0 0 0
17350 78497 0 0 0 0 0 0 0 0 0 0 0 0
17351 78497 0 0 0 0 0 0 0 0 0 0 0 0
17352 78497 0 0 0 0 0 0 0 0 0 0 0 0
17354 78497 0 0 0 0 0 78497 0 0 0 0 0 0
17355 78497 0 0 0 0 0 78497 0 0 0 0 0 0
17356 78497 0 0 0 0 0 78497 0 0 0 0 0 0
17357 78497 0 0 0 0 0 78497 0 0 0 0 0 0
17358 78497 0 0 78497 0 0 0 0 0 0 0 0 0
17359 78497 0 0 78497 0 0 0 0 0 0 0 0 0
17360 78497 0 0 78497 0 0 0 0 0 0 0 0 0
17362 78497 0 0 0 0 0 0 0 0 0 0 0 0
17363 78497 0 0 78497 0 0 0 0 0 0 0 0 0
17364 78497 0 0 78497 0 0 0 0 0 0 0 0 0
17365 78497 0 0 78497 0 0 0 0 0 0 0 0 0
17366 78497 1 1 78497 0 0 0 0 0 0 0 0 0
17367 78497 0 0 0 0 0 78497 0 0 0 0 0 0
17368 78497 0 0 0 0 0 78497 0 0 0 0 0 0
17369 78497 0 0 0 0 0 78497 0 0 0 0 0 0
17370 78497 0 0 0 0 0 78497 0 0 0 0 0 0
17371 78497 0 0 0 0 0 78497 0 0 0 0 0 0
17372 78497 0 0 0 0 0 78497 0 0 0 0 0 0
17373 78497 0 0 0 0 0 78497 1 1 0 0 0 0
17374 78497 0 0 0 0 0 78497 0 0 0 0 0 0
17375 78497 0 0 0 0 0 78497 0 0 0 0 0 0
17376 78497 0 0 0 0 0 78497 0 0 0 0 0 0
17377 78497 0 0 0 0 0 0 0 0 0 0 0 0
17378 78497 0 0 0 0 0 0 0 0 0 0 0 0
17379 78497 0 0 0 0 0 0 0 0 0 0 0 0
17380 78497 0 0 0 0 0 0 0 0 0 0 0 0
17382 78497 1 1 0 0 0 0 0 0 0 0 0 0
17383 78497 0 0 0 0 0 78497 0 0 0 0 0 0
17385 78497 0 0 0 0 0 0 0 0 0 0 0 0
17386 78497 0 0 78497 0 0 0 0 0 0 0 0 0
17387 78497 0 0 0 0 0 0 0 0 0 0 0 0
17388 78497 0 0 78497 0 0 0 0 0 0 0 0 0
17390 78497 0 0 0 0 0 0 0 0 0 0 0 0
17391 78497 0 0 0 0 0 0 0 0 0 0 0 0
17392 78497 0 0 0 0 0 0 0 0 0 0 0 0
17393 78497 0 0 0 0 0 0 0 0 0 0 0 0
17394 78497 0 0 0 0 0 0 0 0 0 0 0 0
17395 78497 0 0 0 0 0 0 0 0 0 0 0 0
17397 78497 0 0 0 0 0 0 0 0 0 0 0 0
17399 235491 0 0 0 0 0 0 0 0 235491 3 0 0
17400 156994 0 0 156994 0 0 156994 0 0 0 0 0 0
17401 156994 0 0 0 0 0 0 0 0 0 0 0 0
17402 156994 0 0 0 0 0 0 0 0 0 0 0 0
17405 78497 0 0 0 0 0 0 0 0 0 0 0 0
17407 78497 0 0 0 0 0 0 0 0 0 0 0 0
17408 78497 0 0 0 0 0 0 0 0 0 0 0 0
17409 78497 0 0 0 0 0 0 0 0 0 0 0 0
17410 78497 1 1 0 0 0 0 0 0 0 0 0 0
17411 78497 0 0 0 0 0 0 0 0 0 0 0 0
17412 78497 0 0 0 0 0 0 0 0 0 0 0 0
17414 78497 0 0 78497 0 0 0 0 0 0 0 0 0
17415 78497 0 0 78497 1 1 0 0 0 0 0 78497 1
17418 78498 0 0 0 0 0 0 0 0 0 0 0 0
17419 78498 0 0 0 0 0 0 0 0 0 0 0 0
17421 78498 0 0 78498 78180 47757 0 0 0 0 0 0 0
17422 78498 0 0 78498 0 0 0 0 0 0 0 0 0
17423 78498 0 0 78498 0 0 0 0 0 0 0 0 0
17424 78498 0 0 78498 0 0 0 0 0 0 0 0 0
17425 78498 0 0 0 0 0 78498 0 0 0 0 0 0
17426 78498 0 0 0 0 0 78498 0 0 0 0 0 0
17427 78498 0 0 0 0 0 78498 0 0 0 0 0 0
17428 78498 0 0 0 0 0 78498 0 0 0 0 0 0
17429 78498 0 0 78498 1 1 0 0 0 0 0 0 0
17430 78498 0 0 78498 0 0 0 0 0 0 0 0 0
17432 78498 0 0 0 0 0 78498 78281 39229 0 0 0 0
17433 78498 0 0 0 0 0 78498 0 0 0 0 0 0
17434 78498 0 0 78498 0 0 0 0 0 0 0 0 0
17436 78498 0 0 0 0 0 0 0 0 0 0 0 0
17437 78498 0 0 0 0 0 0 0 0 78498 1 0 0
17439 78497 0 0 0 0 0 0 0 0 0 0 0 0
17441 78497 0 0 78497 78129 30108 0 0 0 0 0 0 0
17442 78497 0 0 78497 0 0 0 0 0 0 0 78497 1
17445 1 1 1 1 0 0 0 0 0 0 0 0 0
17446 1 0 0 0 0 0 0 0 0 0 0 0 0
17447 1 0 0 0 0 0 0 0 0 0 0 0 0
17448 1 0 0 1 0 0 0 0 0 0 0 0 0
17449 1 0 0 0 0 0 0 0 0 0 0 0 0
17450 1 1 1 0 0 0 0 0 0 0 0 0 0
17451 1 0 0 0 0 0 1 0 0 0 0 0 0
17452 1 0 0 0 0 0 1 0 0 0 0 0 0
17453 1 0 0 0 0 0 1 0 0 0 0 0 0
17454 1 0 0 1 0 0 0 0 0 0 0 0 0
17455 1 0 0 0 0 0 1 1 0 0 0 0 0
17456 1 0 0 0 0 0 0 0 0 0 0 0 0
17457 1 0 0 1 0 0 0 0 0 0 0 0 0
17458 1 0 0 0 0 0 0 0 0 0 0 0 0
17459 1 0 0 0 0 0 0 0 0 0 0 0 0
17460 1 0 0 0 0 0 1 0 0 0 0 0 0
17461 1 0 0 0 0 0 0 0 0 0 0 0 0
17463 1 0 0 1 0 0 0 0 0 0 0 0 0
17464 1 0 0 1 1 1 0 0 0 0 0 1 1
17508 999999 1 1 999999 0 0 0 0 0 0 0 0 0
17509 999999 0 0 0 0 0 0 0 0 0 0 0 0
17510 999999 1 1 0 0 0 0 0 0 0 0 0 0
17511 999999 0 0 999999 0 0 0 0 0 0 0 0 0
17512 999999 0 0 0 0 0 0 0 0 0 0 0 0
17513 999999 0 0 0 0 0 0 0 0 0 0 0 0
17514 999999 0 0 0 0 0 999999 0 0 0 0 0 0
17515 999999 0 0 0 0 0 999999 0 0 0 0 0 0
17516 999999 0 0 0 0 0 999999 0 0 0 0 0 0
17517 999999 0 0 999999 0 0 0 0 0 0 0 0 0
17518 999999 0 0 0 0 0 999999 0 0 0 0 0 0
17519 999999 0 0 0 0 0 0 0 0 0 0 0 0
17520 999999 0 0 999999 0 0 0 0 0 0 0 0 0
17521 999999 0 0 0 0 0 0 0 0 0 0 0 0
17522 999999 0 0 0 0 0 0 0 0 0 0 0 0
17523 999999 0 0 0 0 0 999999 0 0 0 0 0 0
17524 999999 0 0 0 0 0 0 0 0 0 0 0 0
17526 999999 0 0 999999 0 0 0 0 0 0 0 0 0
17527 999999 0 0 999999 0 0 0 0 0 0 0 999999 1
18879 78498 1 1 0 0 0 78498 0 0 0 0 0 0
18880 78498 0 0 78498 0 0 0 0 0 0 0 0 0
18881 78498 0 0 0 0 0 78498 0 0 0 0 0 0
18882 78498 0 0 78498 0 0 0 0 0 0 0 0 0
18884 78498 0 0 78498 0 0 0 0 0 0 0 0 0
18885 78498 0 0 78498 0 0 0 0 0 0 0 78498 1
fl=/home/matt/Varsity/Treatise/Work/Virtual Machines/Table Only//templates/dispatch
fn=???
2 1 0 0 1 0 0 0 0 0 0 0 0 0
3 1 0 0 1 1 1 0 0 0 0 0 1 1
fl=/home/matt/Varsity/Treatise/Work/Virtual Machines/Table Only//vm.asm
fn=???
20 1 1 1 0 0 0 0 0 0 0 0 0 0
21 1 0 0 0 0 0 1 0 0 0 0 0 0
23 1 0 0 0 0 0 0 0 0 0 0 0 0
24 1 0 0 0 0 0 0 0 0 1 0 0 0
27 1 0 0 0 0 0 0 0 0 0 0 0 0
30 1 0 0 1 0 0 0 0 0 0 0 0 0
32 1 0 0 0 0 0 0 0 0 0 0 0 0
33 1 0 0 0 0 0 0 0 0 0 0 0 0
34 1 0 0 0 0 0 0 0 0 0 0 0 0
35 1 0 0 0 0 0 0 0 0 0 0 0 0
36 1 0 0 0 0 0 0 0 0 0 0 0 0
38 1 0 0 0 0 0 0 0 0 0 0 0 0
39 1 0 0 0 0 0 0 0 0 0 0 0 0
40 1 1 1 0 0 0 0 0 0 0 0 0 0
41 1 0 0 0 0 0 1 0 0 0 0 0 0
42 1 0 0 0 0 0 1 0 0 0 0 0 0
43 1 0 0 0 0 0 1 0 0 0 0 0 0
44 1 0 0 0 0 0 0 0 0 0 0 0 0
45 1 0 0 1 0 0 0 0 0 0 0 0 0
46 1 0 0 0 0 0 0 0 0 0 0 0 0
47 1 0 0 0 0 0 0 0 0 0 0 0 0
48 1 0 0 0 0 0 1 0 0 0 0 0 0
49 1 0 0 0 0 0 0 0 0 0 0 0 0
50 1 0 0 0 0 0 0 0 0 0 0 0 0
51 1 0 0 0 0 0 0 0 0 0 0 0 0
52 1 0 0 0 0 0 1 0 0 0 0 0 0
56 1 0 0 0 0 0 0 0 0 0 0 0 0
70 1 1 1 0 0 0 0 0 0 0 0 0 0
71 1 0 0 0 0 0 1 0 0 0 0 0 0
fl=???
fn=(below main)
0 58 4 4 17 2 0 16 0 0 7 0 2 2
fn=???
0 1235704 26 23 1235601 156642 102468 36 1 1 11 5 1235565 25
fn=_Exit
0 8 2 2 1 0 0 0 0 0 0 0 0 0
fn=_IO_cleanup
0 100 8 8 30 1 1 17 0 0 21 11 1 1
fn=_IO_default_finish
0 19 3 3 7 0 0 2 0 0 4 3 0 0
fn=_IO_default_setbuf
0 38 4 4 8 0 0 14 0 0 4 2 1 1
fn=_IO_default_xsputn
0 7071 3 3 1467 0 0 1203 115 1 1071 159 0 0
fn=_IO_do_write@@GLIBC_2.2.5
0 6868 5 5 1981 131 0 1452 130 0 925 8 132 1
fn=_IO_doallocbuf
0 36 2 2 16 1 1 8 0 0 6 4 2 1
fn=_IO_file_close
0 2 1 1 1 0 0 0 0 0 0 0 0 0
fn=_IO_file_close_it@@GLIBC_2.2.5
0 48 4 4 10 0 0 16 0 0 4 2 1 1
fn=_IO_file_doallocate
0 102 4 4 22 3 2 14 1 1 12 2 2 2
fn=_IO_file_finish@@GLIBC_2.2.5
0 8 2 2 2 0 0 1 0 0 1 1 0 0
fn=_IO_file_fopen@@GLIBC_2.2.5
0 76 9 9 13 1 1 11 0 0 15 5 0 0
fn=_IO_file_init@@GLIBC_2.2.5
0 13 2 2 4 0 0 5 0 0 0 0 0 0
fn=_IO_file_overflow@@GLIBC_2.2.5
0 2952 6 6 802 0 0 409 1 1 536 48 0 0
fn=_IO_file_read
0 4 1 1 2 0 0 0 0 0 1 1 0 0
fn=_IO_file_seek
0 4 1 1 2 0 0 0 0 0 0 0 0 0
fn=_IO_file_seekoff@@GLIBC_2.2.5
0 213 16 16 61 0 0 39 0 0 36 13 4 4
fn=_IO_file_setbuf@@GLIBC_2.2.5
0 15 1 1 3 0 0 8 0 0 1 0 0 0
fn=_IO_file_stat
0 12 1 1 3 0 0 0 0 0 0 0 0 0
fn=_IO_file_sync@@GLIBC_2.2.5
0 13 3 3 6 0 0 2 0 0 2 1 0 0
fn=_IO_file_write@@GLIBC_2.2.5
0 4752 2 2 1056 0 0 660 129 1 660 6 0 0
fn=_IO_file_xsgetn
0 33 4 4 10 0 0 6 0 0 3 1 0 0
fn=_IO_file_xsputn@@GLIBC_2.2.5
0 7695666 6 6 1648986 1 1 1256156 1 1 863930 73 132 2
fn=_IO_flush_all_lockp
0 96 8 8 27 7 7 13 0 0 22 15 1 1
fn=_IO_link_in
0 85 9 9 30 3 2 16 0 0 18 10 0 0
fn=_IO_no_init
0 33 3 3 5 0 0 20 2 2 1 0 0 0
fn=_IO_old_init
0 25 3 3 2 0 0 19 2 2 1 0 0 0
fn=_IO_seekoff_unlocked
0 47 2 2 11 1 0 3 0 0 10 3 3 1
fn=_IO_setb
0 76 1 1 19 0 0 18 0 0 4 3 0 0
fn=_IO_sgetn
0 3 1 1 2 0 0 0 0 0 0 0 1 1
fn=_IO_un_link
0 91 11 11 32 0 0 15 0 0 20 11 0 0
fn=_IO_unsave_markers
0 7 2 2 3 0 0 0 0 0 2 2 0 0
fn=__GI_memcpy
0 411 6 6 129 16 15 128 16 16 42 12 0 0
fn=__GI_mempcpy
0 3134576 3 3 391249 0 0 234291 7566 63 941748 8531 0 0
fn=__GI_strstr
0 24 6 6 9 1 1 6 0 0 2 2 0 0
fn=__call_tls_dtors
0 12 3 3 5 1 1 4 0 0 1 1 0 0
fn=__close_nocancel
0 5 1 1 1 0 0 0 0 0 1 0 0 0
fn=__ctype_init
0 16 2 2 10 1 0 3 0 0 0 0 0 0
fn=__cxa_atexit
0 22 2 2 5 0 0 8 0 0 1 0 0 0
fn=__cxa_finalize
0 46 4 4 12 2 2 6 0 0 7 1 0 0
fn=__default_morecore
0 602 1 1 86 0 0 86 1 0 0 0 0 0
fn=__fopen_internal
0 39 3 3 4 0 0 10 1 1 2 0 0 0
fn=__fopen_maybe_mmap
0 4 1 1 2 0 0 0 0 0 1 1 0 0
fn=__init_cpu_features
0 79 9 9 9 2 2 13 0 0 13 5 1 1
fn=__init_misc
0 24 2 2 7 0 0 5 1 0 2 0 0 0
fn=__libc_csu_init
0 34 3 3 8 1 0 8 0 0 2 0 1 1
fn=__libc_memalign
0 535 4 4 104 0 0 102 1 1 60 20 0 0
fn=__linkin_atfork
0 9 2 2 4 2 0 1 0 0 2 1 0 0
fn=__lseek_nocancel
0 10 0 0 2 0 0 0 0 0 2 0 0 0
fn=__new_exitfn
0 38 6 6 11 5 3 5 0 0 7 6 0 0
fn=__open_nocancel
0 5 1 1 1 0 0 0 0 0 1 0 0 0
fn=__read_nocancel
0 5 0 0 1 0 0 0 0 0 1 1 0 0
fn=__run_exit_handlers
0 56 5 5 9 3 3 10 0 0 9 2 2 2
fn=__sigjmp_save
0 9 0 0 2 0 0 2 0 0 1 1 0 0
fn=__sigsetjmp
0 79 4 4 19 0 0 32 1 1 0 0 0 0
fn=__tls_get_addr
0 11 2 2 7 3 3 0 0 0 2 0 0 0
fn=__unregister_atfork
0 13 2 2 5 1 1 1 0 0 3 2 0 0
fn=__write_nocancel
0 660 0 0 132 0 0 0 0 0 132 0 0 0
fn=_dl_add_to_namespace_list
0 103 2 2 29 0 0 23 0 0 8 5 6 2
fn=_dl_add_to_slotinfo
0 24 2 2 9 3 0 6 0 0 1 0 0 0
fn=_dl_addr
0 56044 10 10 13650 1012 858 17 1 0 12809 1988 2 2
fn=_dl_allocate_tls_init
0 78 6 6 25 2 0 13 0 0 8 2 0 0
fn=_dl_allocate_tls_storage
0 323 3 3 7 0 0 296 37 37 290 10 0 0
fn=_dl_cache_libcmp
0 735 4 4 112 10 10 0 0 0 203 35 0 0
fn=_dl_catch_error
0 120 4 4 33 0 0 60 6 6 3 0 6 3
fn=_dl_check_all_versions
0 75 2 2 13 0 0 8 0 0 9 3 0 0
fn=_dl_check_map_versions
0 1233 13 13 403 6 6 167 13 13 146 53 0 0
fn=_dl_count_modids
0 4 1 1 3 0 0 0 0 0 1 0 0 0
fn=_dl_debug_initialize
0 41 3 3 13 2 1 4 0 0 12 11 0 0
fn=_dl_debug_state
0 2 0 0 2 0 0 0 0 0 0 0 0 0
fn=_dl_determine_tlsoffset
0 56 5 5 11 0 0 8 0 0 4 1 0 0
fn=_dl_discover_osversion
0 80 5 5 14 1 1 7 1 1 14 8 0 0
fn=_dl_find_dso_for_object
0 30 3 3 12 0 0 0 0 0 11 5 0 0
fn=_dl_fini
0 257 10 10 88 19 19 36 3 3 48 10 6 6
fn=_dl_fixup
0 883 6 6 348 84 63 110 1 1 99 12 0 0
fn=_dl_important_hwcaps
0 259 18 18 51 0 0 44 2 2 31 14 0 0
fn=_dl_init
0 86 5 5 24 1 0 12 0 0 12 5 0 0
fn=_dl_init_paths
0 91 10 10 14 0 0 33 2 2 7 3 0 0
fn=_dl_initial_error_catch_tsd
0 8 0 0 4 0 0 0 0 0 0 0 0 0
fn=_dl_load_cache_lookup
0 323 15 15 58 9 9 32 0 0 56 9 0 0
fn=_dl_lookup_symbol_x
0 19721 10 10 4264 115 103 2473 20 11 2322 161 0 0
fn=_dl_map_object
0 415 26 26 86 0 0 67 4 4 68 22 0 0
fn=_dl_map_object_deps
0 1082 37 37 224 1 1 124 1 1 233 50 0 0
fn=_dl_map_object_from_fd
0 1729 49 49 363 17 17 199 22 22 336 94 0 0
fn=_dl_name_match_p
0 1535 3 3 397 6 3 228 2 2 229 41 0 0
fn=_dl_new_object
0 605 15 15 106 4 4 115 26 26 90 43 0 0
fn=_dl_next_ld_env_entry
0 343 2 2 118 25 25 1 0 0 114 21 0 0
fn=_dl_next_tls_modid
0 6 1 1 3 0 0 1 0 0 1 0 0 0
fn=_dl_receive_error
0 28 2 2 10 0 0 12 0 0 0 0 2 2
fn=_dl_relocate_object
0 18882 51 51 5173 672 616 2418 253 241 2789 144 111 13
fn=_dl_runtime_resolve
0 319 4 4 99 0 0 88 4 4 0 0 11 11
fn=_dl_setup_hash
0 88 2 2 28 5 5 24 0 0 4 0 0 0
fn=_dl_sort_fini
0 170 6 6 51 1 1 20 0 0 27 8 0 0
fn=_dl_start
0 620 16 16 128 25 23 55 18 17 110 30 7 1
fn=_dl_sysdep_read_whole_file
0 41 3 3 6 1 1 9 0 0 3 1 0 0
fn=_dl_sysdep_start
0 483 16 15 128 19 17 41 5 5 105 23 18 14
fn=_dl_sysdep_start_cleanup
0 1 1 0 1 0 0 0 0 0 0 0 0 0
fn=_dl_unload_cache
0 10 2 1 3 1 0 2 0 0 1 1 0 0
fn=_dl_vdso_vsym
0 24 2 2 12 1 0 0 0 0 4 4 0 0
fn=_fxstat
0 60 2 2 6 0 0 0 0 0 12 0 0 0
fn=_init
0 60 5 5 14 2 0 18 4 3 4 2 0 0
fn=_int_malloc
0 156089330 54 54 20100635 488 4 25550563 578307 553461 17629315 200 86 2
fn=_itoa_word
0 6304620 3 3 538468 1 1 459970 0 0 538468 12 0 0
fn=_setjmp
0 2 1 1 0 0 0 0 0 0 0 0 0 0
fn=_start
0 11 1 1 1 0 0 3 0 0 0 0 0 0
fn=access
0 9 1 1 1 0 0 1 0 0 1 1 0 0
fn=bcmp
0 1041 12 12 244 11 11 76 3 3 182 59 0 0
fn=brk
0 2132 3 3 366 0 0 195 24 2 344 2 0 0
fn=call_init.part.0
0 155 4 4 58 4 0 28 0 0 17 3 4 4
fn=calloc
0 64 1 1 0 0 0 0 0 0 8 8 0 0
fn=check_match.isra.0
0 5440 7 7 1904 54 31 613 9 6 809 27 0 0
fn=close
0 15 1 1 3 0 0 0 0 0 3 0 0 0
fn=dl_main
0 1056 73 73 213 24 18 140 17 17 213 82 1 1
fn=do_lookup_x
0 27045 17 17 9443 254 195 4190 20 13 3917 294 0 0
fn=do_preload
0 28 3 3 7 0 0 8 0 0 1 1 0 0
fn=exit
0 4 1 1 0 0 0 1 0 0 0 0 0 0
fn=fclose@@GLIBC_2.2.5
0 65 8 8 26 2 0 9 0 0 15 8 1 1
fn=fopen@@GLIBC_2.2.5
0 2 1 1 0 0 0 0 0 0 0 0 0 0
fn=fread
0 52 6 6 18 0 0 7 0 0 10 5 0 0
fn=free
0 5651956 15 15 1491489 704577 398042 549498 78243 45476 1255994 21 0 0
fn=fseek
0 78 4 4 30 0 0 8 0 0 16 10 0 0
fn=ftell
0 41 6 6 15 0 0 4 0 0 10 7 0 0
fn=gettimeofday
0 14 1 1 1 0 0 5 0 0 0 0 0 0
fn=handle_intel.isra.0
0 94 5 5 14 0 0 26 0 0 6 2 0 0
fn=index
0 163 5 5 21 2 2 0 0 0 12 4 0 0
fn=init_cacheinfo
0 147 8 8 6 0 0 12 1 1 24 8 0 0
fn=init_tls
0 65 4 4 14 0 0 13 1 1 12 6 0 0
fn=intel_check_word
0 904 10 10 82 6 6 16 0 0 236 57 0 0
fn=isatty
0 8 1 1 1 0 0 1 1 1 0 0 0 0
fn=lseek
0 4 1 1 2 0 0 0 0 0 2 0 0 0
fn=malloc
0 35590533 4 4 11863494 234923 169568 3235499 0 0 7549494 46 1 1
fn=malloc_consolidate
0 651 4 4 3 0 0 257 32 32 129 10 0 0
fn=malloc_hook_ini
0 38 4 4 12 3 1 5 0 0 8 6 0 0
fn=map_doit
0 14 1 1 5 0 0 3 0 0 0 0 0 0
fn=match_symbol
0 356 5 5 140 14 14 36 0 0 92 12 0 0
fn=memcpy
0 390 6 6 59 0 0 46 8 8 102 58 0 0
fn=memcpy@GLIBC_2.2.5
0 17 2 2 4 0 0 0 0 0 3 0 0 0
fn=mempcpy
0 143 5 5 21 1 1 16 3 3 38 20 0 0
fn=memset
0 2510 1 1 11 0 0 2444 39 39 2455 54 0 0
fn=mmap
0 204 3 3 34 0 0 0 0 0 34 0 0 0
fn=mprotect
0 30 1 1 6 0 0 0 0 0 6 0 0 0
fn=munmap
0 10 0 0 2 0 0 0 0 0 2 0 0 0
fn=open
0 17 2 2 4 0 0 0 0 0 4 0 0 0
fn=open_verify
0 409 12 12 88 6 6 42 2 2 71 22 0 0
fn=openaux
0 34 2 2 16 0 0 6 0 0 0 0 0 0
fn=printf
0 1648458 4 4 235494 2 2 784980 0 0 78498 3 0 0
fn=ptmalloc_init.part.8
0 385 7 7 126 40 1 15 4 2 117 21 0 0
fn=read
0 12 2 2 3 0 0 0 0 0 3 0 0 0
fn=rindex
0 24 2 2 2 1 0 0 0 0 3 0 0 0
fn=rtld_lock_default_lock_recursive
0 10 1 1 10 2 1 0 0 0 0 0 0 0
fn=rtld_lock_default_unlock_recursive
0 10 0 0 10 1 0 0 0 0 0 0 0 0
fn=sbrk
0 2696 4 4 692 254 0 431 84 0 601 10 0 0
fn=strcasecmp
0 7 2 2 3 1 1 1 0 0 2 1 0 0
fn=strchrnul
0 3139920 2 2 313992 1 1 0 0 0 313992 1 0 0
fn=strcmp
0 11936 1 1 3582 52 35 0 0 0 3220 249 0 0
fn=strdup
0 34 1 1 4 0 0 8 0 0 2 0 0 0
fn=strlen
0 610 4 4 71 0 0 0 0 0 153 39 0 0
fn=strncasecmp
0 6 2 2 3 0 0 0 0 0 2 2 0 0
fn=strsep
0 800 2 2 250 0 0 1 0 0 248 15 0 0
fn=tcgetattr
0 15 3 3 2 0 0 1 0 0 1 1 0 0
fn=time
0 14 2 2 1 0 0 5 0 0 0 0 0 0
fn=uname
0 5 1 1 1 0 0 0 0 0 1 0 0 0
fn=version_check_doit
0 10 1 1 4 0 0 2 0 0 1 1 0 0
fn=vfprintf
0 24334379 46 46 7064820 11 11 5180869 8 8 4081895 106 313992 4
fn=write
0 264 1 1 132 0 0 0 0 0 132 0 0 0
summary: 173080832019 1069 1063 111148321043 4375047818 3465342104 15476031250 821732 691984 9291278653 385200 24690256810 3157143
