desc: I1 cache:         32768 B, 64 B, 8-way associative
desc: D1 cache:         32768 B, 64 B, 8-way associative
desc: LL cache:         3145728 B, 64 B, 12-way associative
cmd: ./vm ../Common/a.out
events: Ir I1mr ILmr Dr D1mr DLmr Dw D1mw DLmw Bc Bcm Bi Bim
fl=/home/matt/Varsity/Treatise/Work/Virtual Machines/Table Only/../Common/utility.c
fn=file_to_memory
45 4 1 1 0 0 0 2 0 0 0 0 0 0
46 5 1 1 1 0 0 2 2 0 0 0 0 0
47 2 0 0 1 0 0 0 0 0 1 1 0 0
50 5 0 0 1 0 0 1 0 0 0 0 0 0
51 4 0 0 1 0 0 2 0 0 0 0 0 0
52 5 1 1 1 0 0 1 0 0 0 0 0 0
54 6 0 0 1 0 0 2 0 0 0 0 0 0
56 12 1 1 4 0 0 1 0 0 1 1 0 0
62 3 0 0 1 0 0 1 0 0 0 0 0 0
63 5 0 0 2 0 0 1 0 0 0 0 0 0
64 1 0 0 1 0 0 0 0 0 0 0 0 0
65 2 0 0 2 0 0 0 0 0 0 0 0 0
fn=main
7 5 1 1 0 0 0 3 0 0 0 0 0 0
8 7 0 0 3 1 0 1 0 0 0 0 0 0
fn=print_int
19 8 1 1 0 0 0 4 0 0 0 0 0 0
20 10 0 0 2 0 0 2 0 0 0 0 0 0
21 6 0 0 4 0 0 0 0 0 0 0 0 0
fl=/home/matt/Varsity/Treatise/Work/Virtual Machines/Table Only//codetable.asm
fn=???
2410 39916800 1 1 39916800 0 0 0 0 0 0 0 0 0
2411 39916800 0 0 39916800 0 0 0 0 0 0 0 0 0
2412 39916800 0 0 0 0 0 0 0 0 0 0 0 0
2413 39916800 1 1 0 0 0 39916800 0 0 0 0 0 0
2415 39916800 0 0 39916800 0 0 0 0 0 0 0 0 0
2416 39916800 0 0 39916800 0 0 0 0 0 0 0 39916800 1
2493 914584183 1 1 914584183 0 0 0 0 0 0 0 0 0
2494 914584183 0 0 914584183 0 0 0 0 0 0 0 0 0
2495 914584183 0 0 914584183 0 0 0 0 0 0 0 0 0
2496 914584183 0 0 0 0 0 0 0 0 0 0 0 0
2497 914584183 0 0 0 0 0 0 0 0 0 0 0 0
2498 914584183 0 0 0 0 0 914584183 0 0 0 0 0 0
2500 914584183 0 0 914584183 0 0 0 0 0 0 0 0 0
2501 914584183 0 0 914584183 0 0 0 0 0 0 0 914584183 884193034
2503 1422257296 1 1 1422257296 0 0 0 0 0 0 0 0 0
2504 1422257296 0 0 1422257296 0 0 0 0 0 0 0 0 0
2505 1422257296 0 0 1422257296 0 0 0 0 0 0 0 0 0
2506 1422257296 0 0 0 0 0 0 0 0 0 0 0 0
2507 1422257296 0 0 0 0 0 0 0 0 0 0 0 0
2508 1422257296 0 0 0 0 0 1422257296 0 0 0 0 0 0
2510 1422257296 0 0 1422257296 0 0 0 0 0 0 0 0 0
2511 1422257296 0 0 1422257296 1 1 0 0 0 0 0 1422257296 195955198
2513 101511635 0 0 101511635 0 0 0 0 0 0 0 0 0
2514 101511635 0 0 101511635 0 0 0 0 0 0 0 0 0
2515 101511635 0 0 101511635 0 0 0 0 0 0 0 0 0
2516 101511635 0 0 0 0 0 0 0 0 0 0 0 0
2517 101511635 0 0 0 0 0 0 0 0 0 0 0 0
2518 101511635 0 0 0 0 0 101511635 0 0 0 0 0 0
2520 101511635 0 0 101511635 0 0 0 0 0 0 0 0 0
2521 101511635 0 0 101511635 0 0 0 0 0 0 0 101511635 99791998
2523 277931375 0 0 277931375 0 0 0 0 0 0 0 0 0
2524 277931375 0 0 277931375 0 0 0 0 0 0 0 0 0
2525 277931375 0 0 277931375 0 0 0 0 0 0 0 0 0
2526 277931375 0 0 0 0 0 0 0 0 0 0 0 0
2527 277931375 0 0 0 0 0 0 0 0 0 0 0 0
2528 277931375 0 0 0 0 0 277931375 0 0 0 0 0 0
2530 277931375 0 0 277931375 0 0 0 0 0 0 0 0 0
2531 277931375 0 0 277931375 0 0 0 0 0 0 0 277931375 1
2533 12 1 1 12 0 0 0 0 0 0 0 0 0
2534 12 1 1 12 0 0 0 0 0 0 0 0 0
2535 12 0 0 12 0 0 0 0 0 0 0 0 0
2536 12 0 0 0 0 0 0 0 0 0 0 0 0
2537 12 0 0 0 0 0 0 0 0 0 0 0 0
2538 12 0 0 0 0 0 12 0 0 0 0 0 0
2540 12 0 0 12 0 0 0 0 0 0 0 0 0
2541 12 0 0 12 2 2 0 0 0 0 0 12 2
2600 39916799 1 1 39916799 0 0 0 0 0 0 0 0 0
2601 39916799 0 0 39916799 0 0 0 0 0 0 0 0 0
2602 39916799 0 0 0 0 0 0 0 0 0 0 0 0
2603 39916799 0 0 0 0 0 39916799 0 0 0 0 0 0
2605 39916799 0 0 39916799 0 0 0 0 0 0 0 0 0
2606 39916799 1 1 39916799 1 1 0 0 0 0 0 39916799 1
3022 39916800 1 1 39916800 0 0 0 0 0 0 0 0 0
3023 39916800 0 0 39916800 0 0 0 0 0 0 0 0 0
3024 39916800 0 0 0 0 0 0 0 0 0 0 0 0
3025 39916800 0 0 0 0 0 39916800 0 0 0 0 0 0
3027 39916800 0 0 39916800 0 0 0 0 0 0 0 0 0
3028 39916800 0 0 39916800 1 1 0 0 0 0 0 39916800 1
3165 39916800 1 1 39916800 0 0 0 0 0 0 0 0 0
3166 39916800 0 0 39916800 0 0 0 0 0 0 0 0 0
3167 39916800 0 0 39916800 0 0 0 0 0 0 0 0 0
3168 39916800 0 0 0 0 0 0 0 0 0 0 0 0
3169 39916800 0 0 0 0 0 0 0 0 0 0 0 0
3170 39916800 0 0 0 0 0 39916800 0 0 0 0 0 0
3172 39916800 0 0 39916800 0 0 0 0 0 0 0 0 0
3173 39916800 0 0 39916800 0 0 0 0 0 0 0 39916800 1
3566 39916799 1 1 39916799 0 0 0 0 0 0 0 0 0
3567 39916799 0 0 39916799 0 0 0 0 0 0 0 0 0
3568 39916799 0 0 0 0 0 0 0 0 0 0 0 0
3569 39916799 0 0 39916799 0 0 0 0 0 0 0 0 0
3570 39916799 0 0 0 0 0 0 0 0 0 0 0 0
3571 39916799 0 0 0 0 0 0 0 0 0 0 0 0
3572 39916799 1 1 0 0 0 39916799 0 0 0 0 0 0
3573 39916799 0 0 0 0 0 39916799 0 0 0 0 0 0
3574 39916799 0 0 0 0 0 0 0 0 0 0 0 0
3576 39916799 0 0 39916799 0 0 0 0 0 0 0 0 0
3577 39916799 0 0 39916799 1 1 0 0 0 0 0 39916799 1
5667 94169350 1 1 94169350 0 0 0 0 0 0 0 0 0
5668 94169350 0 0 0 0 0 94169350 0 0 0 0 0 0
5670 94169350 0 0 94169350 0 0 0 0 0 0 0 0 0
5671 94169350 0 0 94169350 1 1 0 0 0 0 0 94169350 79833599
5673 39916799 0 0 39916799 0 0 0 0 0 0 0 0 0
5674 39916799 0 0 0 0 0 39916799 0 0 0 0 0 0
5676 39916799 0 0 39916799 0 0 0 0 0 0 0 0 0
5677 39916799 0 0 39916799 0 0 0 0 0 0 0 39916799 1
5703 39916800 1 1 39916800 0 0 0 0 0 0 0 0 0
5704 39916800 0 0 0 0 0 39916800 0 0 0 0 0 0
5706 39916800 0 0 39916800 0 0 0 0 0 0 0 0 0
5707 39916800 0 0 39916800 1 1 0 0 0 0 0 39916800 1
5932 39916799 1 1 39916799 0 0 0 0 0 0 0 0 0
5933 39916799 0 0 0 0 0 39916799 0 0 0 0 0 0
5935 39916799 0 0 39916799 0 0 0 0 0 0 0 0 0
5936 39916799 0 0 39916799 0 0 0 0 0 0 0 39916799 1
5971 277931376 1 1 277931376 0 0 0 0 0 0 0 0 0
5972 277931376 0 0 277931376 0 0 0 0 0 0 0 0 0
5973 277931376 0 0 0 0 0 0 0 0 0 0 0 0
5974 277931376 0 0 0 0 0 277931376 0 0 0 0 0 0
5976 277931376 0 0 277931376 0 0 0 0 0 0 0 0 0
5977 277931376 0 0 277931376 2 2 0 0 0 0 0 277931376 2
5979 1 0 0 1 0 0 0 0 0 0 0 0 0
5980 1 0 0 1 0 0 0 0 0 0 0 0 0
5981 1 0 0 0 0 0 0 0 0 0 0 0 0
5982 1 0 0 0 0 0 1 0 0 0 0 0 0
5984 1 0 0 1 0 0 0 0 0 0 0 0 0
5985 1 0 0 1 0 0 0 0 0 0 0 1 1
5987 317848177 1 1 317848177 0 0 0 0 0 0 0 0 0
5988 317848177 0 0 317848177 0 0 0 0 0 0 0 0 0
5989 317848177 0 0 0 0 0 0 0 0 0 0 0 0
5990 317848177 0 0 0 0 0 317848177 0 0 0 0 0 0
5992 317848177 0 0 317848177 0 0 0 0 0 0 0 0 0
5993 317848177 0 0 317848177 2 2 0 0 0 0 0 317848177 2
5995 39916801 0 0 39916801 0 0 0 0 0 0 0 0 0
5996 39916801 0 0 39916801 0 0 0 0 0 0 0 0 0
5997 39916801 0 0 0 0 0 0 0 0 0 0 0 0
5998 39916801 0 0 0 0 0 39916801 0 0 0 0 0 0
6000 39916801 0 0 39916801 0 0 0 0 0 0 0 0 0
6001 39916801 0 0 39916801 1 1 0 0 0 0 0 39916801 2
6003 1 1 1 1 0 0 0 0 0 0 0 0 0
6004 1 0 0 1 0 0 0 0 0 0 0 0 0
6005 1 0 0 0 0 0 0 0 0 0 0 0 0
6006 1 0 0 0 0 0 1 1 1 0 0 0 0
6008 1 1 1 1 0 0 0 0 0 0 0 0 0
6009 1 0 0 1 1 1 0 0 0 0 0 1 1
6043 39916803 0 0 39916803 0 0 0 0 0 0 0 0 0
6044 39916803 0 0 39916803 0 0 0 0 0 0 0 0 0
6045 39916803 0 0 0 0 0 39916803 0 0 0 0 0 0
6047 39916803 0 0 39916803 0 0 0 0 0 0 0 0 0
6048 39916803 0 0 39916803 1 1 0 0 0 0 0 39916803 39916802
6050 79833600 1 1 79833600 0 0 0 0 0 0 0 0 0
6051 79833600 0 0 79833600 0 0 0 0 0 0 0 0 0
6052 79833600 0 0 0 0 0 79833600 0 0 0 0 0 0
6054 79833600 0 0 79833600 0 0 0 0 0 0 0 0 0
6055 79833600 0 0 79833600 1 1 0 0 0 0 0 79833600 79833599
6057 119750399 0 0 119750399 0 0 0 0 0 0 0 0 0
6058 119750399 0 0 119750399 0 0 0 0 0 0 0 0 0
6059 119750399 1 1 0 0 0 119750399 0 0 0 0 0 0
6061 119750399 0 0 119750399 0 0 0 0 0 0 0 0 0
6062 119750399 0 0 119750399 0 0 0 0 0 0 0 119750399 79833599
6064 159667200 0 0 159667200 0 0 0 0 0 0 0 0 0
6065 159667200 0 0 159667200 0 0 0 0 0 0 0 0 0
6066 159667200 0 0 0 0 0 159667200 0 0 0 0 0 0
6068 159667200 0 0 159667200 0 0 0 0 0 0 0 0 0
6069 159667200 0 0 159667200 4 4 0 0 0 0 0 159667200 159667200
6086 39916800 1 1 39916800 0 0 0 0 0 0 0 0 0
6087 39916800 0 0 39916800 0 0 0 0 0 0 0 0 0
6088 39916800 0 0 0 0 0 39916800 0 0 0 0 0 0
6090 39916800 0 0 39916800 0 0 0 0 0 0 0 0 0
6091 39916800 0 0 39916800 0 0 0 0 0 0 0 39916800 1
6121 39916799 1 1 39916799 0 0 0 0 0 0 0 0 0
6122 39916799 0 0 39916799 0 0 0 0 0 0 0 0 0
6123 39916799 0 0 0 0 0 39916799 0 0 0 0 0 0
6125 39916799 0 0 39916799 0 0 0 0 0 0 0 0 0
6126 39916799 0 0 39916799 0 0 0 0 0 0 0 39916799 1
6143 39916799 0 0 39916799 0 0 0 0 0 0 0 0 0
6144 39916799 0 0 39916799 0 0 0 0 0 0 0 0 0
6145 39916799 0 0 0 0 0 39916799 0 0 0 0 0 0
6147 39916799 0 0 39916799 0 0 0 0 0 0 0 0 0
6148 39916799 0 0 39916799 0 0 0 0 0 0 0 39916799 1
6150 119750402 1 1 119750402 0 0 0 0 0 0 0 0 0
6151 119750402 0 0 119750402 0 0 0 0 0 0 0 0 0
6152 119750402 0 0 0 0 0 119750402 0 0 0 0 0 0
6154 119750402 0 0 119750402 0 0 0 0 0 0 0 0 0
6155 119750402 0 0 119750402 0 0 0 0 0 0 0 119750402 79833603
6157 19 0 0 19 0 0 0 0 0 0 0 0 0
6158 19 0 0 19 0 0 0 0 0 0 0 0 0
6159 19 0 0 0 0 0 19 0 0 0 0 0 0
6161 19 0 0 19 0 0 0 0 0 0 0 0 0
6162 19 0 0 19 0 0 0 0 0 0 0 19 1
6164 1 1 1 1 0 0 0 0 0 0 0 0 0
6165 1 0 0 1 0 0 0 0 0 0 0 0 0
6166 1 0 0 0 0 0 1 0 0 0 0 0 0
6168 1 0 0 1 0 0 0 0 0 0 0 0 0
6169 1 0 0 1 1 1 0 0 0 0 0 1 1
6172 79833600 0 0 79833600 0 0 0 0 0 0 0 0 0
6173 79833600 0 0 79833600 0 0 0 0 0 0 0 0 0
6174 79833600 0 0 0 0 0 79833600 0 0 0 0 0 0
6176 79833600 0 0 79833600 0 0 0 0 0 0 0 0 0
6177 79833600 0 0 79833600 1 1 0 0 0 0 0 79833600 79833599
6179 1 1 1 1 0 0 0 0 0 0 0 0 0
6180 1 0 0 1 0 0 0 0 0 0 0 0 0
6181 1 0 0 0 0 0 1 0 0 0 0 0 0
6183 1 0 0 1 0 0 0 0 0 0 0 0 0
6184 1 0 0 1 1 1 0 0 0 0 0 1 1
13407 68588311 1 1 68588311 0 0 0 0 0 0 0 0 0
13408 68588311 0 0 68588311 0 0 0 0 0 0 0 0 0
13409 68588311 0 0 68588311 0 0 0 0 0 0 0 0 0
13410 68588311 0 0 0 0 0 68588311 0 0 0 0 0 0
13412 68588311 0 0 68588311 0 0 0 0 0 0 0 0 0
13413 68588311 0 0 68588311 1 1 0 0 0 0 0 68588311 1
13415 845995870 1 1 845995870 0 0 0 0 0 0 0 0 0
13416 845995870 0 0 845995870 0 0 0 0 0 0 0 0 0
13417 845995870 0 0 845995870 0 0 0 0 0 0 0 0 0
13418 845995870 0 0 0 0 0 845995870 0 0 0 0 0 0
13420 845995870 0 0 845995870 0 0 0 0 0 0 0 0 0
13421 845995870 0 0 845995870 1 1 0 0 0 0 0 845995870 39916799
13639 784401035 1 1 784401035 0 0 0 0 0 0 0 0 0
13640 784401035 0 0 784401035 0 0 0 0 0 0 0 0 0
13641 784401035 0 0 784401035 0 0 0 0 0 0 0 0 0
13642 784401035 0 0 0 0 0 784401035 0 0 0 0 0 0
13644 784401035 0 0 784401035 0 0 0 0 0 0 0 0 0
13645 784401035 0 0 784401035 0 0 0 0 0 0 0 784401035 1
13647 61594835 1 1 61594835 0 0 0 0 0 0 0 0 0
13648 61594835 0 0 61594835 0 0 0 0 0 0 0 0 0
13649 61594835 0 0 61594835 0 0 0 0 0 0 0 0 0
13650 61594835 0 0 0 0 0 61594835 0 0 0 0 0 0
13652 61594835 0 0 61594835 0 0 0 0 0 0 0 0 0
13653 61594835 0 0 61594835 0 0 0 0 0 0 0 61594835 1
13655 97259813 1 1 97259813 0 0 0 0 0 0 0 0 0
13656 97259813 0 0 97259813 0 0 0 0 0 0 0 0 0
13657 97259813 0 0 97259813 0 0 0 0 0 0 0 0 0
13658 97259813 0 0 0 0 0 97259813 0 0 0 0 0 0
13660 97259813 0 0 97259813 0 0 0 0 0 0 0 0 0
13661 97259813 0 0 97259813 0 0 0 0 0 0 0 97259813 39916799
13687 439084811 1 1 439084811 0 0 0 0 0 0 0 0 0
13688 439084811 0 0 439084811 0 0 0 0 0 0 0 0 0
13689 439084811 0 0 439084811 0 0 0 0 0 0 0 0 0
13690 439084811 1 1 0 0 0 439084811 0 0 0 0 0 0
13692 439084811 0 0 439084811 0 0 0 0 0 0 0 0 0
13693 439084811 0 0 439084811 1 1 0 0 0 0 0 439084811 1
13871 317848175 1 1 317848175 0 0 0 0 0 0 0 0 0
13872 317848175 0 0 317848175 0 0 0 0 0 0 0 0 0
13873 317848175 0 0 317848175 0 0 0 0 0 0 0 0 0
13874 317848175 1 1 0 0 0 317848175 0 0 0 0 0 0
13876 317848175 0 0 317848175 0 0 0 0 0 0 0 0 0
13877 317848175 0 0 317848175 0 0 0 0 0 0 0 317848175 1
14119 39916800 1 1 39916800 0 0 0 0 0 0 0 0 0
14120 39916800 0 0 39916800 0 0 0 0 0 0 0 0 0
14121 39916800 0 0 39916800 0 0 0 0 0 0 0 0 0
14122 39916800 1 1 0 0 0 39916800 0 0 0 0 0 0
14124 39916800 0 0 39916800 0 0 0 0 0 0 0 0 0
14125 39916800 0 0 39916800 0 0 0 0 0 0 0 39916800 1
15096 1 1 1 1 0 0 0 0 0 0 0 0 0
15097 1 1 1 1 0 0 0 0 0 0 0 0 0
15098 1 0 0 1 0 0 0 0 0 0 0 0 0
15099 1 0 0 0 0 0 1 0 0 0 0 0 0
15101 1 0 0 1 0 0 0 0 0 0 0 0 0
15102 1 0 0 1 0 0 0 0 0 0 0 1 1
15336 784401035 1 1 784401035 0 0 0 0 0 0 0 0 0
15337 784401035 0 0 784401035 0 0 0 0 0 0 0 0 0
15338 784401035 0 0 784401035 0 0 0 0 0 0 0 0 0
15339 784401035 0 0 0 0 0 784401035 0 0 0 0 0 0
15341 784401035 0 0 784401035 0 0 0 0 0 0 0 0 0
15342 784401035 0 0 784401035 0 0 0 0 0 0 0 784401035 1
15376 439084811 1 1 439084811 0 0 0 0 0 0 0 0 0
15377 439084811 0 0 439084811 0 0 0 0 0 0 0 0 0
15378 439084811 0 0 439084811 0 0 0 0 0 0 0 0 0
15379 439084811 0 0 0 0 0 439084811 0 0 0 0 0 0
15381 439084811 0 0 439084811 0 0 0 0 0 0 0 0 0
15382 439084811 0 0 439084811 1 1 0 0 0 0 0 439084811 1
15576 61594835 1 1 61594835 0 0 0 0 0 0 0 0 0
15577 61594835 0 0 61594835 0 0 0 0 0 0 0 0 0
15578 61594835 0 0 61594835 0 0 0 0 0 0 0 0 0
15579 61594835 0 0 0 0 0 61594835 0 0 0 0 0 0
15581 61594835 1 1 61594835 0 0 0 0 0 0 0 0 0
15582 61594835 0 0 61594835 0 0 0 0 0 0 0 61594835 39916799
15856 845995870 1 1 845995870 0 0 0 0 0 0 0 0 0
15857 845995870 1 1 845995870 0 0 0 0 0 0 0 0 0
15858 845995870 0 0 845995870 0 0 0 0 0 0 0 0 0
15859 845995870 0 0 0 0 0 845995870 0 0 0 0 0 0
15861 845995870 0 0 845995870 0 0 0 0 0 0 0 0 0
15862 845995870 0 0 845995870 2 2 0 0 0 0 0 845995870 94348798
15976 11 1 1 11 0 0 0 0 0 0 0 0 0
15977 11 0 0 11 0 0 0 0 0 0 0 0 0
15978 11 0 0 11 0 0 0 0 0 0 0 0 0
15979 11 0 0 0 0 0 11 0 0 0 0 0 0
15981 11 0 0 11 0 0 0 0 0 0 0 0 0
15982 11 1 1 11 0 0 0 0 0 0 0 11 1
16017 1523095259 1 1 1523095259 0 0 0 0 0 0 0 0 0
16018 1523095259 0 0 0 0 0 0 0 0 0 0 0 0
16020 1523095259 0 0 1523095259 0 0 0 0 0 0 0 0 0
16021 1523095259 0 0 1523095259 0 0 0 0 0 0 0 1523095259 613923553
16345 1062332410 1 1 1062332410 0 0 0 0 0 0 0 0 0
16346 1062332410 0 0 1062332410 0 0 0 0 0 0 0 0 0
16347 1062332410 0 0 0 0 0 0 0 0 0 0 0 0
16348 1062332410 0 0 0 0 0 0 0 0 1062332410 145405463 0 0
16349 919950699 0 0 0 0 0 0 0 0 919950699 142951601 0 0
16351 784401035 0 0 784401035 0 0 0 0 0 0 0 0 0
16352 784401035 0 0 0 0 0 0 0 0 0 0 0 0
16354 135549664 0 0 135549664 0 0 0 0 0 0 0 0 0
16355 135549664 0 0 0 0 0 0 0 0 0 0 0 0
16357 142381711 0 0 142381711 0 0 0 0 0 0 0 0 0
16359 1062332410 0 0 0 0 0 0 0 0 0 0 0 0
16361 1062332410 0 0 1062332410 0 0 0 0 0 0 0 0 0
16362 1062332410 0 0 1062332410 0 0 0 0 0 0 0 1062332410 1062332410
16459 68588301 1 1 68588301 0 0 0 0 0 0 0 0 0
16460 68588301 0 0 68588301 0 0 0 0 0 0 0 0 0
16461 68588301 0 0 0 0 0 0 0 0 0 0 0 0
16462 68588301 0 0 0 0 0 0 0 0 68588301 1 0 0
16463 68588301 0 0 0 0 0 0 0 0 68588301 9330443 0 0
16465 28671502 0 0 28671502 0 0 0 0 0 0 0 0 0
16466 28671502 0 0 0 0 0 0 0 0 0 0 0 0
16468 39916799 0 0 39916799 0 0 0 0 0 0 0 0 0
16469 39916799 0 0 0 0 0 0 0 0 0 0 0 0
16473 68588301 1 1 0 0 0 0 0 0 0 0 0 0
16475 68588301 0 0 68588301 0 0 0 0 0 0 0 0 0
16476 68588301 0 0 68588301 0 0 0 0 0 0 0 68588301 39916799
16573 39916800 1 1 39916800 0 0 0 0 0 0 0 0 0
16574 39916800 0 0 39916800 0 0 0 0 0 0 0 0 0
16575 39916800 0 0 0 0 0 0 0 0 0 0 0 0
16576 39916800 0 0 0 0 0 0 0 0 39916800 21 0 0
16577 4037929 0 0 0 0 0 0 0 0 4037929 26 0 0
16579 19 0 0 19 0 0 0 0 0 0 0 0 0
16580 19 0 0 0 0 0 0 0 0 0 0 0 0
16582 4037910 0 0 4037910 0 0 0 0 0 0 0 0 0
16583 4037910 1 1 0 0 0 0 0 0 0 0 0 0
16585 35878871 0 0 35878871 0 0 0 0 0 0 0 0 0
16587 39916800 0 0 0 0 0 0 0 0 0 0 0 0
16589 39916800 0 0 39916800 0 0 0 0 0 0 0 0 0
16590 39916800 0 0 39916800 0 0 0 0 0 0 0 39916800 35
16592 28671502 0 0 28671502 0 0 0 0 0 0 0 0 0
16593 28671502 0 0 28671502 0 0 0 0 0 0 0 0 0
16594 28671502 0 0 0 0 0 0 0 0 0 0 0 0
16595 28671502 0 0 0 0 0 0 0 0 28671502 16353567 0 0
16596 14335751 0 0 0 0 0 0 0 0 14335751 0 0 0
16598 14335751 0 0 14335751 0 0 0 0 0 0 0 0 0
16599 14335751 0 0 0 0 0 0 0 0 0 0 0 0
16604 14335751 0 0 14335751 0 0 0 0 0 0 0 0 0
16606 28671502 1 1 0 0 0 0 0 0 0 0 0 0
16608 28671502 0 0 28671502 0 0 0 0 0 0 0 0 0
16609 28671502 0 0 28671502 0 0 0 0 0 0 0 28671502 18369950
16687 68588311 1 1 68588311 0 0 0 0 0 0 0 0 0
16688 68588311 0 0 68588311 0 0 0 0 0 0 0 0 0
16689 68588311 0 0 0 0 0 0 0 0 0 0 0 0
16690 68588311 0 0 0 0 0 0 0 0 68588311 28725843 0 0
16691 39916799 0 0 0 0 0 0 0 0 39916799 0 0 0
16693 39916799 1 1 39916799 0 0 0 0 0 0 0 0 0
16694 39916799 0 0 0 0 0 0 0 0 0 0 0 0
16699 28671512 0 0 28671512 0 0 0 0 0 0 0 0 0
16701 68588311 0 0 0 0 0 0 0 0 0 0 0 0
16703 68588311 0 0 68588311 0 0 0 0 0 0 0 0 0
16704 68588311 0 0 68588311 0 0 0 0 0 0 0 68588311 59875199
16727 68588312 1 1 68588312 0 0 0 0 0 0 0 0 0
16728 68588312 0 0 68588312 0 0 0 0 0 0 0 0 0
16729 68588312 0 0 68588312 0 0 0 0 0 0 0 0 0
16730 68588312 0 0 0 0 0 0 0 0 0 0 0 0
16731 68588312 0 0 0 0 0 0 0 0 68588312 19 0 0
16732 12 0 0 0 0 0 0 0 0 12 2 0 0
16734 1 0 0 1 0 0 0 0 0 0 0 0 0
16735 1 0 0 0 0 0 0 0 0 0 0 0 0
16737 11 0 0 11 0 0 0 0 0 0 0 0 0
16738 11 0 0 0 0 0 0 0 0 0 0 0 0
16740 68588300 0 0 68588300 0 0 0 0 0 0 0 0 0
16742 68588312 0 0 0 0 0 0 0 0 0 0 0 0
16744 68588312 0 0 68588312 0 0 0 0 0 0 0 0 0
16745 68588312 0 0 68588312 1 1 0 0 0 0 0 68588312 2
16747 796849787 1 1 796849787 0 0 0 0 0 0 0 0 0
16748 796849787 0 0 796849787 0 0 0 0 0 0 0 0 0
16749 796849787 0 0 796849787 0 0 0 0 0 0 0 0 0
16750 796849787 0 0 0 0 0 0 0 0 0 0 0 0
16751 796849787 0 0 0 0 0 0 0 0 796849787 73881367 0 0
16752 119750402 0 0 0 0 0 0 0 0 119750402 16 0 0
16754 39916801 0 0 39916801 0 0 0 0 0 0 0 0 0
16755 39916801 0 0 0 0 0 0 0 0 0 0 0 0
16757 79833601 0 0 79833601 0 0 0 0 0 0 0 0 0
16758 79833601 0 0 0 0 0 0 0 0 0 0 0 0
16760 677099385 0 0 677099385 0 0 0 0 0 0 0 0 0
16762 796849787 0 0 0 0 0 0 0 0 0 0 0 0
16764 796849787 1 1 796849787 0 0 0 0 0 0 0 0 0
16765 796849787 0 0 796849787 1 1 0 0 0 0 0 796849787 156038402
16767 101511635 0 0 101511635 0 0 0 0 0 0 0 0 0
16768 101511635 0 0 101511635 0 0 0 0 0 0 0 0 0
16769 101511635 0 0 101511635 0 0 0 0 0 0 0 0 0
16770 101511635 0 0 0 0 0 0 0 0 0 0 0 0
16771 101511635 0 0 0 0 0 0 0 0 101511635 21678036 0 0
16772 79833599 0 0 0 0 0 0 0 0 79833599 13 0 0
16774 39916799 0 0 39916799 0 0 0 0 0 0 0 0 0
16775 39916799 0 0 0 0 0 0 0 0 0 0 0 0
16777 39916800 0 0 39916800 0 0 0 0 0 0 0 0 0
16778 39916800 0 0 0 0 0 0 0 0 0 0 0 0
16780 21678036 0 0 21678036 0 0 0 0 0 0 0 0 0
16782 101511635 0 0 0 0 0 0 0 0 0 0 0 0
16784 101511635 0 0 101511635 0 0 0 0 0 0 0 0 0
16785 101511635 0 0 101511635 0 0 0 0 0 0 0 101511635 99791998
16807 11 1 1 11 0 0 0 0 0 0 0 0 0
16808 11 1 1 11 0 0 0 0 0 0 0 0 0
16809 11 0 0 11 0 0 0 0 0 0 0 0 0
16810 11 0 0 0 0 0 0 0 0 0 0 0 0
16811 11 0 0 0 0 0 0 0 0 11 8 0 0
16812 2 0 0 0 0 0 0 0 0 2 1 0 0
16814 1 0 0 1 0 0 0 0 0 0 0 0 0
16815 1 0 0 0 0 0 0 0 0 0 0 0 0
16817 1 0 0 1 0 0 0 0 0 0 0 0 0
16818 1 0 0 0 0 0 0 0 0 0 0 0 0
16820 9 0 0 9 0 0 0 0 0 0 0 0 0
16822 11 0 0 0 0 0 0 0 0 0 0 0 0
16824 11 0 0 11 0 0 0 0 0 0 0 0 0
16825 11 0 0 11 1 1 0 0 0 0 0 11 2
17346 119750400 1 1 119750400 0 0 0 0 0 0 0 0 0
17347 119750400 1 1 0 0 0 0 0 0 0 0 0 0
17348 119750400 0 0 0 0 0 0 0 0 0 0 0 0
17349 119750400 0 0 119750400 0 0 0 0 0 0 0 0 0
17350 119750400 0 0 0 0 0 0 0 0 0 0 0 0
17351 119750400 0 0 0 0 0 0 0 0 0 0 0 0
17352 119750400 0 0 0 0 0 0 0 0 0 0 0 0
17354 119750400 0 0 0 0 0 119750400 0 0 0 0 0 0
17355 119750400 0 0 0 0 0 119750400 0 0 0 0 0 0
17356 119750400 0 0 0 0 0 119750400 0 0 0 0 0 0
17357 119750400 0 0 0 0 0 119750400 0 0 0 0 0 0
17358 119750400 0 0 119750400 0 0 0 0 0 0 0 0 0
17359 119750400 0 0 119750400 0 0 0 0 0 0 0 0 0
17360 119750400 0 0 119750400 0 0 0 0 0 0 0 0 0
17362 119750400 0 0 0 0 0 0 0 0 0 0 0 0
17363 119750400 0 0 119750400 0 0 0 0 0 0 0 0 0
17364 119750400 0 0 119750400 0 0 0 0 0 0 0 0 0
17365 119750400 0 0 119750400 0 0 0 0 0 0 0 0 0
17366 119750400 1 1 119750400 0 0 0 0 0 0 0 0 0
17367 119750400 0 0 0 0 0 119750400 0 0 0 0 0 0
17368 119750400 0 0 0 0 0 119750400 0 0 0 0 0 0
17369 119750400 0 0 0 0 0 119750400 0 0 0 0 0 0
17370 119750400 0 0 0 0 0 119750400 0 0 0 0 0 0
17371 119750400 0 0 0 0 0 119750400 1 1 0 0 0 0
17372 119750400 0 0 0 0 0 119750400 0 0 0 0 0 0
17373 119750400 0 0 0 0 0 119750400 0 0 0 0 0 0
17374 119750400 0 0 0 0 0 119750400 0 0 0 0 0 0
17375 119750400 0 0 0 0 0 119750400 0 0 0 0 0 0
17376 119750400 0 0 0 0 0 119750400 0 0 0 0 0 0
17377 119750400 0 0 0 0 0 0 0 0 0 0 0 0
17378 119750400 0 0 0 0 0 0 0 0 0 0 0 0
17379 119750400 0 0 0 0 0 0 0 0 0 0 0 0
17380 119750400 0 0 0 0 0 0 0 0 0 0 0 0
17382 119750400 1 1 0 0 0 0 0 0 0 0 0 0
17383 119750400 0 0 0 0 0 119750400 0 0 0 0 0 0
17385 119750400 0 0 0 0 0 0 0 0 0 0 0 0
17386 119750400 0 0 119750400 0 0 0 0 0 0 0 0 0
17387 119750400 0 0 0 0 0 0 0 0 0 0 0 0
17388 119750400 0 0 119750400 0 0 0 0 0 0 0 0 0
17390 119750400 0 0 0 0 0 0 0 0 0 0 0 0
17391 119750400 0 0 0 0 0 0 0 0 0 0 0 0
17392 119750400 0 0 0 0 0 0 0 0 0 0 0 0
17393 119750400 0 0 0 0 0 0 0 0 0 0 0 0
17394 119750400 0 0 0 0 0 0 0 0 0 0 0 0
17395 119750400 0 0 0 0 0 0 0 0 0 0 0 0
17397 119750400 0 0 0 0 0 0 0 0 0 0 0 0
17399 518918399 0 0 0 0 0 0 0 0 518918399 39916804 0 0
17400 399167999 0 0 399167999 0 0 399167999 0 0 0 0 0 0
17401 399167999 0 0 0 0 0 0 0 0 0 0 0 0
17402 399167999 0 0 0 0 0 0 0 0 0 0 0 0
17405 119750400 0 0 0 0 0 0 0 0 0 0 0 0
17407 119750400 0 0 0 0 0 0 0 0 0 0 0 0
17408 119750400 0 0 0 0 0 0 0 0 0 0 0 0
17409 119750400 0 0 0 0 0 0 0 0 0 0 0 0
17410 119750400 1 1 0 0 0 0 0 0 0 0 0 0
17411 119750400 0 0 0 0 0 0 0 0 0 0 0 0
17412 119750400 0 0 0 0 0 0 0 0 0 0 0 0
17414 119750400 0 0 119750400 0 0 0 0 0 0 0 0 0
17415 119750400 0 0 119750400 1 1 0 0 0 0 0 119750400 99792000
17418 119750401 0 0 0 0 0 0 0 0 0 0 0 0
17419 119750401 0 0 0 0 0 0 0 0 0 0 0 0
17421 119750401 0 0 119750401 0 0 0 0 0 0 0 0 0
17422 119750401 0 0 119750401 0 0 0 0 0 0 0 0 0
17423 119750401 0 0 119750401 0 0 0 0 0 0 0 0 0
17424 119750401 0 0 119750401 0 0 0 0 0 0 0 0 0
17425 119750401 0 0 0 0 0 119750401 0 0 0 0 0 0
17426 119750401 0 0 0 0 0 119750401 0 0 0 0 0 0
17427 119750401 0 0 0 0 0 119750401 0 0 0 0 0 0
17428 119750401 1 1 0 0 0 119750401 0 0 0 0 0 0
17429 119750401 0 0 119750401 0 0 0 0 0 0 0 0 0
17430 119750401 0 0 119750401 0 0 0 0 0 0 0 0 0
17432 119750401 0 0 0 0 0 119750401 0 0 0 0 0 0
17433 119750401 0 0 0 0 0 119750401 0 0 0 0 0 0
17434 119750401 0 0 119750401 0 0 0 0 0 0 0 0 0
17436 119750401 0 0 0 0 0 0 0 0 0 0 0 0
17437 119750401 0 0 0 0 0 0 0 0 119750401 1 0 0
17439 119750400 0 0 0 0 0 0 0 0 0 0 0 0
17441 119750400 0 0 119750400 0 0 0 0 0 0 0 0 0
17442 119750400 0 0 119750400 0 0 0 0 0 0 0 119750400 119750400
18483 1 1 1 1 0 0 0 0 0 0 0 0 0
18484 1 0 0 0 0 0 0 0 0 0 0 0 0
18485 1 0 0 0 0 0 1 0 0 0 0 0 0
18486 1 0 0 0 0 0 1 0 0 0 0 0 0
18487 1 1 1 0 0 0 1 0 0 0 0 0 0
18488 1 0 0 1 0 0 0 0 0 0 0 0 0
18489 1 0 0 1 0 0 0 0 0 0 0 0 0
18490 1 0 0 0 0 0 1 1 0 0 0 0 0
18491 1 0 0 0 0 0 0 0 0 0 0 0 0
18492 1 0 0 0 0 0 0 0 0 0 0 0 0
18493 1 0 0 0 0 0 1 0 0 0 0 0 0
18494 1 0 0 0 0 0 0 0 0 0 0 0 0
18496 1 0 0 1 0 0 0 0 0 0 0 0 0
18497 1 0 0 1 1 1 0 0 0 0 0 1 1
18499 1 0 0 1 0 0 0 0 0 0 0 0 0
18500 1 0 0 0 0 0 0 0 0 0 0 0 0
18501 1 0 0 0 0 0 1 0 0 0 0 0 0
18502 1 0 0 0 0 0 1 0 0 0 0 0 0
18503 1 0 0 0 0 0 1 0 0 0 0 0 0
18504 1 0 0 1 0 0 0 0 0 0 0 0 0
18505 1 0 0 1 0 0 0 0 0 0 0 0 0
18506 1 1 1 0 0 0 1 0 0 0 0 0 0
18507 1 0 0 0 0 0 0 0 0 0 0 0 0
18508 1 0 0 0 0 0 0 0 0 0 0 0 0
18509 1 0 0 0 0 0 1 0 0 0 0 0 0
18510 1 0 0 0 0 0 0 0 0 0 0 0 0
18512 1 0 0 1 0 0 0 0 0 0 0 0 0
18513 1 0 0 1 0 0 0 0 0 0 0 1 1
18879 2 1 1 0 0 0 2 0 0 0 0 0 0
18880 2 0 0 2 0 0 0 0 0 0 0 0 0
18881 2 0 0 0 0 0 2 0 0 0 0 0 0
18882 2 0 0 2 0 0 0 0 0 0 0 0 0
18884 2 0 0 2 0 0 0 0 0 0 0 0 0
18885 2 0 0 2 0 0 0 0 0 0 0 2 2
fl=/home/matt/Varsity/Treatise/Work/Virtual Machines/Table Only//templates/dispatch
fn=???
2 1 0 0 1 0 0 0 0 0 0 0 0 0
3 1 0 0 1 1 1 0 0 0 0 0 1 1
fl=/home/matt/Varsity/Treatise/Work/Virtual Machines/Table Only//vm.asm
fn=???
20 1 1 1 0 0 0 0 0 0 0 0 0 0
21 1 0 0 0 0 0 1 0 0 0 0 0 0
23 1 0 0 0 0 0 0 0 0 0 0 0 0
24 1 0 0 0 0 0 0 0 0 1 0 0 0
27 1 0 0 0 0 0 0 0 0 0 0 0 0
30 1 0 0 1 0 0 0 0 0 0 0 0 0
32 1 0 0 0 0 0 0 0 0 0 0 0 0
33 1 0 0 0 0 0 0 0 0 0 0 0 0
34 1 0 0 0 0 0 0 0 0 0 0 0 0
35 1 0 0 0 0 0 0 0 0 0 0 0 0
36 1 0 0 0 0 0 0 0 0 0 0 0 0
38 1 0 0 0 0 0 0 0 0 0 0 0 0
39 1 0 0 0 0 0 0 0 0 0 0 0 0
40 1 1 1 0 0 0 0 0 0 0 0 0 0
41 1 0 0 0 0 0 1 0 0 0 0 0 0
42 1 0 0 0 0 0 1 0 0 0 0 0 0
43 1 0 0 0 0 0 1 0 0 0 0 0 0
44 1 0 0 0 0 0 0 0 0 0 0 0 0
45 1 0 0 1 0 0 0 0 0 0 0 0 0
46 1 0 0 0 0 0 0 0 0 0 0 0 0
47 1 0 0 0 0 0 0 0 0 0 0 0 0
48 1 0 0 0 0 0 1 0 0 0 0 0 0
49 1 0 0 0 0 0 0 0 0 0 0 0 0
50 1 0 0 0 0 0 0 0 0 0 0 0 0
51 1 0 0 0 0 0 0 0 0 0 0 0 0
52 1 0 0 0 0 0 1 0 0 0 0 0 0
56 1 0 0 0 0 0 0 0 0 0 0 0 0
70 1 1 0 0 0 0 0 0 0 0 0 0 0
71 1 0 0 0 0 0 1 0 0 0 0 0 0
fl=???
fn=(below main)
0 58 4 4 17 2 0 16 0 0 7 0 2 2
fn=???
0 239501016 26 18 239500913 7 0 36 1 1 11 5 239500877 25
fn=_Exit
0 8 2 2 1 0 0 0 0 0 0 0 0 0
fn=_IO_cleanup
0 100 8 8 30 1 0 17 0 0 21 11 1 1
fn=_IO_default_finish
0 19 3 3 7 0 0 2 0 0 4 3 0 0
fn=_IO_default_setbuf
0 38 4 4 8 0 0 14 0 0 4 2 1 1
fn=_IO_default_xsputn
0 48 4 3 10 0 0 8 0 0 7 2 0 0
fn=_IO_do_write@@GLIBC_2.2.5
0 56 5 5 16 0 0 11 0 0 8 3 1 1
fn=_IO_doallocbuf
0 36 2 2 16 0 0 8 0 0 6 4 2 1
fn=_IO_file_close
0 2 1 1 1 0 0 0 0 0 0 0 0 0
fn=_IO_file_close_it@@GLIBC_2.2.5
0 48 4 4 10 0 0 16 0 0 4 2 1 1
fn=_IO_file_doallocate
0 102 4 4 22 2 0 14 1 0 12 2 2 1
fn=_IO_file_finish@@GLIBC_2.2.5
0 8 2 2 2 0 0 1 0 0 1 1 0 0
fn=_IO_file_fopen@@GLIBC_2.2.5
0 76 9 9 13 1 1 11 0 0 15 5 0 0
fn=_IO_file_init@@GLIBC_2.2.5
0 13 2 2 4 0 0 5 0 0 0 0 0 0
fn=_IO_file_overflow@@GLIBC_2.2.5
0 70 6 6 16 0 0 16 1 0 12 6 0 0
fn=_IO_file_read
0 4 1 1 2 0 0 0 0 0 1 1 0 0
fn=_IO_file_seek
0 4 1 1 2 0 0 0 0 0 0 0 0 0
fn=_IO_file_seekoff@@GLIBC_2.2.5
0 213 16 16 61 0 0 39 0 0 36 13 4 4
fn=_IO_file_setbuf@@GLIBC_2.2.5
0 15 1 1 3 0 0 8 0 0 1 0 0 0
fn=_IO_file_stat
0 12 1 1 3 0 0 0 0 0 0 0 0 0
fn=_IO_file_sync@@GLIBC_2.2.5
0 13 3 3 6 0 0 2 0 0 2 1 0 0
fn=_IO_file_write@@GLIBC_2.2.5
0 36 2 2 8 0 0 5 0 0 5 3 0 0
fn=_IO_file_xsgetn
0 33 4 4 10 0 0 6 0 0 3 1 0 0
fn=_IO_file_xsputn@@GLIBC_2.2.5
0 207 5 5 46 1 1 32 1 0 24 4 1 1
fn=_IO_flush_all_lockp
0 96 8 8 27 5 2 13 0 0 22 15 1 1
fn=_IO_link_in
0 85 9 9 30 3 2 16 0 0 18 10 0 0
fn=_IO_no_init
0 33 3 3 5 0 0 20 2 2 1 0 0 0
fn=_IO_old_init
0 25 3 3 2 0 0 19 2 2 1 0 0 0
fn=_IO_seekoff_unlocked
0 47 2 2 11 1 0 3 0 0 10 3 3 1
fn=_IO_setb
0 76 1 1 19 0 0 18 0 0 4 3 0 0
fn=_IO_sgetn
0 3 1 1 2 0 0 0 0 0 0 0 1 1
fn=_IO_un_link
0 91 11 11 32 0 0 15 0 0 20 11 0 0
fn=_IO_unsave_markers
0 7 2 2 3 0 0 0 0 0 2 2 0 0
fn=__GI_memcpy
0 178 5 5 156 21 19 154 19 19 160 10 0 0
fn=__GI_mempcpy
0 62 3 3 8 0 0 5 0 0 18 11 0 0
fn=__GI_strstr
0 24 6 6 9 1 1 6 0 0 2 2 0 0
fn=__call_tls_dtors
0 12 3 3 5 0 0 4 0 0 1 1 0 0
fn=__close_nocancel
0 5 1 1 1 0 0 0 0 0 1 0 0 0
fn=__ctype_init
0 16 2 2 10 1 0 3 0 0 0 0 0 0
fn=__cxa_atexit
0 22 2 2 5 0 0 8 0 0 1 0 0 0
fn=__cxa_finalize
0 46 4 4 12 2 0 6 0 0 7 2 0 0
fn=__default_morecore
0 14 1 1 2 0 0 2 1 0 0 0 0 0
fn=__fopen_internal
0 39 3 3 4 0 0 10 1 1 2 0 0 0
fn=__fopen_maybe_mmap
0 4 1 1 2 0 0 0 0 0 1 1 0 0
fn=__init_cpu_features
0 79 9 9 9 2 2 13 0 0 13 5 1 1
fn=__init_misc
0 24 2 2 7 0 0 5 1 0 2 0 0 0
fn=__libc_csu_init
0 34 3 3 8 1 0 8 0 0 2 0 1 1
fn=__libc_memalign
0 535 4 4 104 0 0 102 1 1 60 20 0 0
fn=__linkin_atfork
0 9 2 2 4 2 0 1 0 0 2 1 0 0
fn=__lseek_nocancel
0 10 0 0 2 0 0 0 0 0 2 0 0 0
fn=__new_exitfn
0 38 6 6 11 5 3 5 0 0 7 6 0 0
fn=__open_nocancel
0 5 1 1 1 0 0 0 0 0 1 0 0 0
fn=__read_nocancel
0 5 0 0 1 0 0 0 0 0 1 1 0 0
fn=__run_exit_handlers
0 56 5 5 9 3 0 10 0 0 9 2 2 2
fn=__sigjmp_save
0 9 0 0 2 0 0 2 0 0 1 1 0 0
fn=__sigsetjmp
0 79 4 4 19 0 0 32 1 1 0 0 0 0
fn=__tls_get_addr
0 11 2 2 7 2 0 0 0 0 2 0 0 0
fn=__unregister_atfork
0 13 2 1 5 0 0 1 0 0 3 2 0 0
fn=__write_nocancel
0 5 0 0 1 0 0 0 0 0 1 0 0 0
fn=_dl_add_to_namespace_list
0 103 2 2 29 0 0 23 0 0 8 5 6 2
fn=_dl_add_to_slotinfo
0 24 2 2 9 3 0 6 0 0 1 0 0 0
fn=_dl_addr
0 56044 10 10 13650 1012 858 17 1 0 12809 1988 2 2
fn=_dl_allocate_tls_init
0 78 6 6 25 2 0 13 0 0 8 2 0 0
fn=_dl_allocate_tls_storage
0 323 3 3 7 0 0 296 37 37 290 10 0 0
fn=_dl_cache_libcmp
0 735 4 4 112 10 10 0 0 0 203 35 0 0
fn=_dl_catch_error
0 120 4 4 33 0 0 60 6 6 3 0 6 3
fn=_dl_check_all_versions
0 75 2 2 13 0 0 8 0 0 9 3 0 0
fn=_dl_check_map_versions
0 1233 13 13 403 6 6 167 13 13 146 53 0 0
fn=_dl_count_modids
0 4 1 1 3 0 0 0 0 0 1 0 0 0
fn=_dl_debug_initialize
0 41 3 3 13 2 1 4 0 0 12 11 0 0
fn=_dl_debug_state
0 2 0 0 2 0 0 0 0 0 0 0 0 0
fn=_dl_determine_tlsoffset
0 56 5 5 11 0 0 8 0 0 4 1 0 0
fn=_dl_discover_osversion
0 80 5 5 14 1 1 7 1 1 14 8 0 0
fn=_dl_find_dso_for_object
0 30 3 3 12 0 0 0 0 0 11 5 0 0
fn=_dl_fini
0 257 10 10 88 17 0 36 3 0 48 10 6 6
fn=_dl_fixup
0 883 6 6 348 36 5 110 0 0 99 12 0 0
fn=_dl_important_hwcaps
0 259 18 18 51 0 0 44 2 2 31 14 0 0
fn=_dl_init
0 86 5 5 24 1 0 12 0 0 12 5 0 0
fn=_dl_init_paths
0 91 10 10 14 0 0 33 2 2 7 3 0 0
fn=_dl_initial_error_catch_tsd
0 8 0 0 4 0 0 0 0 0 0 0 0 0
fn=_dl_load_cache_lookup
0 323 15 15 58 9 9 32 0 0 56 9 0 0
fn=_dl_lookup_symbol_x
0 19721 10 10 4264 104 90 2473 9 0 2322 161 0 0
fn=_dl_map_object
0 415 26 26 86 0 0 67 4 4 68 22 0 0
fn=_dl_map_object_deps
0 1082 37 37 224 1 1 124 1 1 233 50 0 0
fn=_dl_map_object_from_fd
0 1729 49 49 363 17 17 199 22 22 336 94 0 0
fn=_dl_name_match_p
0 1535 3 3 397 3 0 228 1 1 229 38 0 0
fn=_dl_new_object
0 605 15 15 106 4 4 115 26 26 90 43 0 0
fn=_dl_next_ld_env_entry
0 343 2 2 118 25 25 1 0 0 114 21 0 0
fn=_dl_next_tls_modid
0 6 1 1 3 0 0 1 0 0 1 0 0 0
fn=_dl_receive_error
0 28 2 2 10 0 0 12 0 0 0 0 2 2
fn=_dl_relocate_object
0 18882 51 51 5173 672 616 2418 253 241 2789 144 111 13
fn=_dl_runtime_resolve
0 319 4 4 99 0 0 88 0 0 0 0 11 11
fn=_dl_setup_hash
0 88 2 2 28 5 5 24 0 0 4 0 0 0
fn=_dl_sort_fini
0 170 6 6 51 1 0 20 0 0 27 8 0 0
fn=_dl_start
0 620 16 16 128 25 23 55 18 17 110 30 7 1
fn=_dl_sysdep_read_whole_file
0 41 3 3 6 1 1 9 0 0 3 1 0 0
fn=_dl_sysdep_start
0 483 16 15 128 19 17 41 5 5 105 23 18 14
fn=_dl_sysdep_start_cleanup
0 1 1 0 1 0 0 0 0 0 0 0 0 0
fn=_dl_unload_cache
0 10 2 1 3 1 0 2 0 0 1 1 0 0
fn=_dl_vdso_vsym
0 24 2 2 12 1 0 0 0 0 4 4 0 0
fn=_fxstat
0 60 2 2 6 0 0 0 0 0 12 0 0 0
fn=_init
0 60 5 5 14 2 0 18 4 3 4 2 0 0
fn=_int_malloc
0 6227021856 49 49 1676505731 6 3 838253010 4 4 958003326 55 2 2
fn=_itoa_word
0 128 3 3 11 1 1 9 0 0 11 10 0 0
fn=_setjmp
0 2 1 1 0 0 0 0 0 0 0 0 0 0
fn=_start
0 11 1 1 1 0 0 3 0 0 0 0 0 0
fn=access
0 9 1 1 1 0 0 1 0 0 1 1 0 0
fn=bcmp
0 1041 12 12 244 11 11 76 3 3 182 59 0 0
fn=brk
0 47 3 3 7 0 0 4 1 1 8 0 0 0
fn=call_init.part.0
0 155 4 4 58 4 0 28 0 0 17 3 4 4
fn=calloc
0 64 1 1 0 0 0 0 0 0 8 8 0 0
fn=check_match.isra.0
0 5440 7 6 1904 44 16 613 5 0 809 29 0 0
fn=close
0 15 1 1 3 0 0 0 0 0 3 0 0 0
fn=dl_main
0 1056 73 73 213 24 18 140 17 17 213 82 1 1
fn=do_lookup_x
0 27045 17 17 9443 202 134 4190 9 0 3917 292 0 0
fn=do_preload
0 28 3 3 7 0 0 8 0 0 1 1 0 0
fn=exit
0 4 1 1 0 0 0 1 0 0 0 0 0 0
fn=fclose@@GLIBC_2.2.5
0 65 8 8 26 2 0 9 0 0 15 8 1 1
fn=fopen@@GLIBC_2.2.5
0 2 1 1 0 0 0 0 0 0 0 0 0 0
fn=fread
0 52 6 6 18 0 0 7 0 0 10 5 0 0
fn=free
0 8622029000 15 15 2275257654 0 0 838252824 0 0 1916006452 19958431 0 0
fn=fseek
0 78 4 4 30 0 0 8 0 0 16 10 0 0
fn=ftell
0 41 6 6 15 0 0 4 0 0 10 7 0 0
fn=gettimeofday
0 14 1 1 1 0 0 5 0 0 0 0 0 0
fn=handle_intel.isra.0
0 94 5 5 14 0 0 26 0 0 6 2 0 0
fn=index
0 163 5 5 21 2 2 0 0 0 12 4 0 0
fn=init_cacheinfo
0 147 8 8 6 0 0 12 1 1 24 8 0 0
fn=init_tls
0 65 4 4 14 0 0 13 1 1 12 6 0 0
fn=intel_check_word
0 904 10 10 82 6 6 16 0 0 236 57 0 0
fn=isatty
0 8 1 1 1 0 0 1 1 0 0 0 0 0
fn=lseek
0 4 1 1 2 0 0 0 0 0 2 0 0 0
fn=malloc
0 3951763398 4 4 1317254449 2 0 359251214 0 0 838252829 41 1 1
fn=malloc_consolidate
0 651 4 4 3 0 0 257 32 32 129 10 0 0
fn=malloc_hook_ini
0 38 4 4 12 3 1 5 0 0 8 6 0 0
fn=map_doit
0 14 1 1 5 0 0 3 0 0 0 0 0 0
fn=match_symbol
0 356 5 5 140 14 14 36 0 0 92 12 0 0
fn=memcpy
0 390 6 6 59 0 0 46 8 8 102 58 0 0
fn=memcpy@GLIBC_2.2.5
0 17 2 2 4 0 0 0 0 0 3 0 0 0
fn=mempcpy
0 143 5 5 21 1 1 16 3 3 38 20 0 0
fn=memset
0 2510 2 1 11 0 0 2444 39 39 2455 56 0 0
fn=mmap
0 66 3 3 11 0 0 0 0 0 11 0 0 0
fn=mprotect
0 30 1 1 6 0 0 0 0 0 6 0 0 0
fn=munmap
0 10 0 0 2 0 0 0 0 0 2 0 0 0
fn=open
0 17 2 2 4 0 0 0 0 0 4 0 0 0
fn=open_verify
0 409 12 12 88 6 6 42 2 2 71 22 0 0
fn=openaux
0 34 2 2 16 0 0 6 0 0 0 0 0 0
fn=printf
0 42 4 4 6 1 0 20 0 0 2 2 0 0
fn=ptmalloc_init.part.8
0 385 7 7 126 40 1 15 4 2 117 21 0 0
fn=read
0 12 2 2 3 0 0 0 0 0 3 0 0 0
fn=rindex
0 24 2 2 2 1 0 0 0 0 3 0 0 0
fn=rtld_lock_default_lock_recursive
0 10 1 1 10 2 1 0 0 0 0 0 0 0
fn=rtld_lock_default_unlock_recursive
0 10 0 0 10 1 0 0 0 0 0 0 0 0
fn=sbrk
0 69 4 4 20 2 0 11 0 0 13 4 0 0
fn=strcasecmp
0 7 2 2 3 1 1 1 0 0 2 1 0 0
fn=strchrnul
0 80 2 2 8 0 0 0 0 0 8 1 0 0
fn=strcmp
0 11936 1 1 3582 36 17 0 0 0 3220 249 0 0
fn=strdup
0 34 1 1 4 0 0 8 0 0 2 0 0 0
fn=strlen
0 610 4 4 71 0 0 0 0 0 153 39 0 0
fn=strncasecmp
0 6 2 2 3 0 0 0 0 0 2 2 0 0
fn=strsep
0 800 2 2 250 0 0 1 0 0 248 15 0 0
fn=tcgetattr
0 15 3 3 2 0 0 1 0 0 1 1 0 0
fn=time
0 14 2 2 1 0 0 5 0 0 0 0 0 0
fn=uname
0 5 1 1 1 0 0 0 0 0 1 0 0 0
fn=version_check_doit
0 10 1 1 4 0 0 2 0 0 1 1 0 0
fn=vfprintf
0 628 47 47 181 8 3 136 7 0 103 58 8 4
fn=write
0 2 1 1 1 0 0 0 0 0 1 0 0 0
summary: 117354882436 1087 1071 69700687772 2499 1991 14259369283 582 523 7832425072 498205925 13506897459 4262582328
