desc: I1 cache:         32768 B, 64 B, 8-way associative
desc: D1 cache:         32768 B, 64 B, 8-way associative
desc: LL cache:         3145728 B, 64 B, 12-way associative
cmd: ./vm ../Common/a.out
events: Ir I1mr ILmr Dr D1mr DLmr Dw D1mw DLmw Bc Bcm Bi Bim
fl=/home/matt/Varsity/Treatise/Work/Virtual Machines/Table Only/../Common/utility.c
fn=file_to_memory
45 4 1 1 0 0 0 2 0 0 0 0 0 0
46 5 1 1 1 0 0 2 2 0 0 0 0 0
47 2 0 0 1 0 0 0 0 0 1 1 0 0
50 5 0 0 1 0 0 1 0 0 0 0 0 0
51 4 0 0 1 0 0 2 0 0 0 0 0 0
52 5 1 1 1 0 0 1 0 0 0 0 0 0
54 6 0 0 1 0 0 2 0 0 0 0 0 0
56 12 1 1 4 0 0 1 0 0 1 1 0 0
62 3 0 0 1 0 0 1 0 0 0 0 0 0
63 5 0 0 2 0 0 1 0 0 0 0 0 0
64 1 0 0 1 0 0 0 0 0 0 0 0 0
65 2 0 0 2 0 0 0 0 0 0 0 0 0
fn=main
7 5 1 1 0 0 0 3 0 0 0 0 0 0
8 7 0 0 3 1 0 1 0 0 0 0 0 0
fl=/home/matt/Varsity/Treatise/Work/Virtual Machines/Table Only//codetable.asm
fn=???
2290 18798418560 1 1 18798418560 0 0 0 0 0 0 0 0 0
2291 18798418560 0 0 18798418560 0 0 0 0 0 0 0 0 0
2292 18798418560 0 0 0 0 0 0 0 0 0 0 0 0
2293 18798418560 0 0 0 0 0 18798418560 0 0 0 0 0 0
2295 18798418560 0 0 18798418560 0 0 0 0 0 0 0 0 0
2296 18798418560 0 0 18798418560 0 0 0 0 0 0 0 18798418560 12532279040
2450 256000000 1 1 256000000 0 0 0 0 0 0 0 0 0
2451 256000000 0 0 256000000 0 0 0 0 0 0 0 0 0
2452 256000000 0 0 0 0 0 0 0 0 0 0 0 0
2453 256000000 0 0 0 0 0 256000000 0 0 0 0 0 0
2455 256000000 0 0 256000000 0 0 0 0 0 0 0 0 0
2456 256000000 1 1 256000000 1 1 0 0 0 0 0 256000000 1
2483 32000000 1 1 32000000 0 0 0 0 0 0 0 0 0
2484 32000000 0 0 32000000 0 0 0 0 0 0 0 0 0
2485 32000000 0 0 32000000 0 0 0 0 0 0 0 0 0
2486 32000000 0 0 0 0 0 0 0 0 0 0 0 0
2487 32000000 0 0 0 0 0 0 0 0 0 0 0 0
2488 32000000 0 0 0 0 0 32000000 0 0 0 0 0 0
2490 32000000 0 0 32000000 0 0 0 0 0 0 0 0 0
2491 32000000 0 0 32000000 0 0 0 0 0 0 0 32000000 0
2493 6368272719 1 1 6368272719 0 0 0 0 0 0 0 0 0
2494 6368272719 0 0 6368272719 0 0 0 0 0 0 0 0 0
2495 6368272719 0 0 6368272719 0 0 0 0 0 0 0 0 0
2496 6368272719 0 0 0 0 0 0 0 0 0 0 0 0
2497 6368272719 0 0 0 0 0 0 0 0 0 0 0 0
2498 6368272719 0 0 0 0 0 6368272719 0 0 0 0 0 0
2500 6368272719 0 0 6368272719 0 0 0 0 0 0 0 0 0
2501 6368272719 0 0 6368272719 1 1 0 0 0 0 0 6368272719 512000002
2503 16002 1 1 16002 0 0 0 0 0 0 0 0 0
2504 16002 0 0 16002 0 0 0 0 0 0 0 0 0
2505 16002 0 0 16002 0 0 0 0 0 0 0 0 0
2506 16002 0 0 0 0 0 0 0 0 0 0 0 0
2507 16002 0 0 0 0 0 0 0 0 0 0 0 0
2508 16002 0 0 0 0 0 16002 0 0 0 0 0 0
2510 16002 0 0 16002 0 0 0 0 0 0 0 0 0
2511 16002 0 0 16002 1 1 0 0 0 0 0 16002 3
2640 256000000 1 1 256000000 0 0 0 0 0 0 0 0 0
2641 256000000 0 0 256000000 0 0 0 0 0 0 0 0 0
2642 256000000 0 0 0 0 0 0 0 0 0 0 0 0
2643 256000000 0 0 0 0 0 256000000 0 0 0 0 0 0
2645 256000000 0 0 256000000 0 0 0 0 0 0 0 0 0
2646 256000000 0 0 256000000 0 0 0 0 0 0 0 256000000 1
2720 6266139520 1 1 6266139520 0 0 0 0 0 0 0 0 0
2721 6266139520 0 0 6266139520 0 0 0 0 0 0 0 0 0
2722 6266139520 0 0 0 0 0 0 0 0 0 0 0 0
2723 6266139520 0 0 0 0 0 6266139520 0 0 0 0 0 0
2725 6266139520 0 0 6266139520 0 0 0 0 0 0 0 0 0
2726 6266139520 0 0 6266139520 0 0 0 0 0 0 0 6266139520 1
2752 16000 1 1 16000 0 0 0 0 0 0 0 0 0
2753 16000 0 0 16000 0 0 0 0 0 0 0 0 0
2754 16000 0 0 0 0 0 0 0 0 0 0 0 0
2755 16000 0 0 0 0 0 16000 0 0 0 0 0 0
2757 16000 0 0 16000 0 0 0 0 0 0 0 0 0
2758 16000 0 0 16000 0 0 0 0 0 0 0 16000 1
2846 6266139520 1 1 6266139520 0 0 0 0 0 0 0 0 0
2847 6266139520 0 0 6266139520 0 0 0 0 0 0 0 0 0
2848 6266139520 0 0 0 0 0 0 0 0 0 0 0 0
2849 6266139520 0 0 0 0 0 6266139520 0 0 0 0 0 0
2851 6266139520 0 0 6266139520 0 0 0 0 0 0 0 0 0
2852 6266139520 0 0 6266139520 0 0 0 0 0 0 0 6266139520 1
2918 256000000 1 1 256000000 0 0 0 0 0 0 0 0 0
2919 256000000 0 0 256000000 0 0 0 0 0 0 0 0 0
2920 256000000 0 0 0 0 0 0 0 0 0 0 0 0
2921 256000000 0 0 0 0 0 256000000 0 0 0 0 0 0
2923 256000000 0 0 256000000 0 0 0 0 0 0 0 0 0
2924 256000000 1 1 256000000 1 1 0 0 0 0 0 256000000 1
2950 16000 1 1 16000 0 0 0 0 0 0 0 0 0
2951 16000 1 1 16000 0 0 0 0 0 0 0 0 0
2952 16000 0 0 0 0 0 0 0 0 0 0 0 0
2953 16000 0 0 0 0 0 16000 0 0 0 0 0 0
2955 16000 0 0 16000 0 0 0 0 0 0 0 0 0
2956 16000 0 0 16000 0 0 0 0 0 0 0 16000 1
2958 6266139520 0 0 6266139520 0 0 0 0 0 0 0 0 0
2959 6266139520 0 0 6266139520 0 0 0 0 0 0 0 0 0
2960 6266139520 0 0 0 0 0 0 0 0 0 0 0 0
2961 6266139520 0 0 0 0 0 6266139520 0 0 0 0 0 0
2963 6266139520 0 0 6266139520 0 0 0 0 0 0 0 0 0
2964 6266139520 0 0 6266139520 0 0 0 0 0 0 0 6266139520 1
3006 6266139520 1 1 6266139520 0 0 0 0 0 0 0 0 0
3007 6266139520 1 1 6266139520 0 0 0 0 0 0 0 0 0
3008 6266139520 0 0 0 0 0 0 0 0 0 0 0 0
3009 6266139520 0 0 0 0 0 6266139520 0 0 0 0 0 0
3011 6266139520 0 0 6266139520 0 0 0 0 0 0 0 0 0
3012 6266139520 0 0 6266139520 0 0 0 0 0 0 0 6266139520 1
3014 6266139520 0 0 6266139520 0 0 0 0 0 0 0 0 0
3015 6266139520 0 0 6266139520 0 0 0 0 0 0 0 0 0
3016 6266139520 0 0 0 0 0 0 0 0 0 0 0 0
3017 6266139520 0 0 0 0 0 6266139520 0 0 0 0 0 0
3019 6266139520 0 0 6266139520 0 0 0 0 0 0 0 0 0
3020 6266139520 0 0 6266139520 0 0 0 0 0 0 0 6266139520 1
3054 6266139521 1 1 6266139521 0 0 0 0 0 0 0 0 0
3055 6266139521 0 0 6266139521 0 0 0 0 0 0 0 0 0
3056 6266139521 0 0 0 0 0 0 0 0 0 0 0 0
3057 6266139521 0 0 0 0 0 6266139521 0 0 0 0 0 0
3059 6266139521 0 0 6266139521 0 0 0 0 0 0 0 0 0
3060 6266139521 0 0 6266139521 1 1 0 0 0 0 0 6266139521 2
3070 6266139520 1 1 6266139520 0 0 0 0 0 0 0 0 0
3071 6266139520 0 0 6266139520 0 0 0 0 0 0 0 0 0
3072 6266139520 0 0 0 0 0 0 0 0 0 0 0 0
3073 6266139520 0 0 0 0 0 6266139520 0 0 0 0 0 0
3075 6266139520 0 0 6266139520 0 0 0 0 0 0 0 0 0
3076 6266139520 1 1 6266139520 1 1 0 0 0 0 0 6266139520 1
3094 16000 1 1 16000 0 0 0 0 0 0 0 0 0
3095 16000 0 0 16000 0 0 0 0 0 0 0 0 0
3096 16000 0 0 0 0 0 0 0 0 0 0 0 0
3097 16000 0 0 0 0 0 16000 0 0 0 0 0 0
3099 16000 0 0 16000 0 0 0 0 0 0 0 0 0
3100 16000 0 0 16000 1 1 0 0 0 0 0 16000 16000
3110 256000002 1 1 256000002 0 0 0 0 0 0 0 0 0
3111 256000002 0 0 256000002 0 0 0 0 0 0 0 0 0
3112 256000002 0 0 0 0 0 0 0 0 0 0 0 0
3113 256000002 0 0 0 0 0 256000002 0 0 0 0 0 0
3115 256000002 0 0 256000002 0 0 0 0 0 0 0 0 0
3116 256000002 0 0 256000002 0 0 0 0 0 0 0 256000002 3
3218 256000000 1 1 256000000 0 0 0 0 0 0 0 0 0
3219 256000000 0 0 0 0 0 0 0 0 0 0 0 0
3220 256000000 0 0 256000000 0 0 0 0 0 0 0 0 0
3221 256000000 0 0 0 0 0 0 0 0 0 0 0 0
3222 256000000 1 1 0 0 0 256000000 0 0 0 0 0 0
3223 256000000 0 0 0 0 0 256000000 0 0 0 0 0 0
3224 256000000 0 0 0 0 0 0 0 0 0 0 0 0
3226 256000000 0 0 256000000 0 0 0 0 0 0 0 0 0
3227 256000000 0 0 256000000 1 1 0 0 0 0 0 256000000 1
3372 16000 1 1 16000 0 0 0 0 0 0 0 0 0
3373 16000 0 0 0 0 0 0 0 0 0 0 0 0
3374 16000 0 0 16000 0 0 0 0 0 0 0 0 0
3375 16000 0 0 0 0 0 0 0 0 0 0 0 0
3376 16000 0 0 0 0 0 16000 0 0 0 0 0 0
3377 16000 0 0 0 0 0 16000 0 0 0 0 0 0
3378 16000 0 0 0 0 0 0 0 0 0 0 0 0
3380 16000 0 0 16000 0 0 0 0 0 0 0 0 0
3381 16000 1 1 16000 1 1 0 0 0 0 0 16000 1
3493 12532279040 1 1 12532279040 0 0 0 0 0 0 0 0 0
3494 12532279040 0 0 0 0 0 0 0 0 0 0 0 0
3495 12532279040 0 0 12532279040 0 0 0 0 0 0 0 0 0
3496 12532279040 1 1 0 0 0 0 0 0 0 0 0 0
3497 12532279040 0 0 0 0 0 12532279040 0 0 0 0 0 0
3498 12532279040 0 0 0 0 0 12532279040 0 0 0 0 0 0
3499 12532279040 0 0 0 0 0 0 0 0 0 0 0 0
3501 12532279040 0 0 12532279040 0 0 0 0 0 0 0 0 0
3502 12532279040 0 0 12532279040 0 0 0 0 0 0 0 12532279040 1
3553 256000001 1 1 256000001 0 0 0 0 0 0 0 0 0
3554 256000001 0 0 256000001 0 0 0 0 0 0 0 0 0
3555 256000001 0 0 0 0 0 0 0 0 0 0 0 0
3556 256000001 1 1 256000001 0 0 0 0 0 0 0 0 0
3557 256000001 0 0 0 0 0 0 0 0 0 0 0 0
3558 256000001 0 0 0 0 0 0 0 0 0 0 0 0
3559 256000001 0 0 0 0 0 256000001 0 0 0 0 0 0
3560 256000001 0 0 0 0 0 256000001 1 0 0 0 0 0
3561 256000001 0 0 0 0 0 0 0 0 0 0 0 0
3563 256000001 0 0 256000001 0 0 0 0 0 0 0 0 0
3564 256000001 0 0 256000001 2 2 0 0 0 0 0 256000001 2
3926 256000000 1 1 256000000 0 0 0 0 0 0 0 0 0
3927 256000000 0 0 256000000 0 0 0 0 0 0 0 0 0
3928 256000000 0 0 256000000 0 0 0 0 0 0 0 0 0
3929 256000000 0 0 0 0 0 0 0 0 0 0 0 0
3930 256000000 0 0 0 0 0 0 0 0 0 0 0 0
3931 256000000 0 0 0 0 0 256000000 0 0 0 0 0 0
3933 256000000 0 0 256000000 0 0 0 0 0 0 0 0 0
3934 256000000 0 0 256000000 0 0 0 0 0 0 0 256000000 1
3956 16000 1 1 16000 0 0 0 0 0 0 0 0 0
3957 16000 1 1 16000 0 0 0 0 0 0 0 0 0
3958 16000 0 0 16000 0 0 0 0 0 0 0 0 0
3959 16000 0 0 0 0 0 0 0 0 0 0 0 0
3960 16000 0 0 0 0 0 0 0 0 0 0 0 0
3961 16000 0 0 0 0 0 16000 0 0 0 0 0 0
3963 16000 0 0 16000 0 0 0 0 0 0 0 0 0
3964 16000 0 0 16000 1 1 0 0 0 0 0 16000 1
4228 153866816 1 1 153866816 0 0 0 0 0 0 0 0 0
4229 153866816 0 0 153866816 0 0 0 0 0 0 0 0 0
4230 153866816 0 0 153866816 0 0 0 0 0 0 0 0 0
4231 153866816 1 1 0 0 0 0 0 0 0 0 0 0
4232 153866816 0 0 0 0 0 0 0 0 0 0 0 0
4233 153866816 0 0 0 0 0 153866816 0 0 0 0 0 0
4235 153866816 0 0 153866816 0 0 0 0 0 0 0 0 0
4236 153866816 0 0 153866816 0 0 0 0 0 0 0 153866816 1
4377 32000000 1 1 32000000 0 0 0 0 0 0 0 0 0
4378 32000000 0 0 32000000 0 0 0 0 0 0 0 0 0
4379 32000000 1 1 0 0 0 0 0 0 0 0 0 0
4380 32000000 0 0 0 0 0 32000000 0 0 0 0 0 0
4382 32000000 0 0 32000000 0 0 0 0 0 0 0 0 0
4383 32000000 0 0 32000000 0 0 0 0 0 0 0 32000000 1
4771 256000000 1 1 256000000 0 0 0 0 0 0 0 0 0
4772 256000000 0 0 256000000 0 0 0 0 0 0 0 0 0
4773 256000000 0 0 0 0 0 0 0 0 0 0 0 0
4774 256000000 0 0 0 0 0 0 0 0 0 0 0 0
4775 256000000 0 0 0 0 0 256000000 0 0 0 0 0 0
4777 256000000 0 0 256000000 0 0 0 0 0 0 0 0 0
4778 256000000 0 0 256000000 0 0 0 0 0 0 0 256000000 1
5613 6266139520 1 1 6266139520 0 0 0 0 0 0 0 0 0
5614 6266139520 0 0 0 0 0 6266139520 0 0 0 0 0 0
5616 6266139520 0 0 6266139520 0 0 0 0 0 0 0 0 0
5617 6266139520 1 1 6266139520 0 0 0 0 0 0 0 6266139520 1
5619 6266139520 0 0 6266139520 0 0 0 0 0 0 0 0 0
5620 6266139520 0 0 0 0 0 6266139520 0 0 0 0 0 0
5622 6266139520 0 0 6266139520 0 0 0 0 0 0 0 0 0
5623 6266139520 0 0 6266139520 1 1 0 0 0 0 0 6266139520 1
5631 256000000 0 0 256000000 0 0 0 0 0 0 0 0 0
5632 256000000 1 1 0 0 0 256000000 0 0 0 0 0 0
5634 256000000 0 0 256000000 0 0 0 0 0 0 0 0 0
5635 256000000 0 0 256000000 1 1 0 0 0 0 0 256000000 1
5643 16000 0 0 16000 0 0 0 0 0 0 0 0 0
5644 16000 0 0 0 0 0 16000 0 0 0 0 0 0
5646 16000 0 0 16000 0 0 0 0 0 0 0 0 0
5647 16000 0 0 16000 0 0 0 0 0 0 0 16000 1
5661 12532279041 1 1 12532279041 0 0 0 0 0 0 0 0 0
5662 12532279041 1 1 0 0 0 12532279041 0 0 0 0 0 0
5664 12532279041 0 0 12532279041 0 0 0 0 0 0 0 0 0
5665 12532279041 0 0 12532279041 0 0 0 0 0 0 0 12532279041 2
5703 12532279040 1 1 12532279040 0 0 0 0 0 0 0 0 0
5704 12532279040 0 0 0 0 0 12532279040 0 0 0 0 0 0
5706 12532279040 0 0 12532279040 0 0 0 0 0 0 0 0 0
5707 12532279040 0 0 12532279040 0 0 0 0 0 0 0 12532279040 12532279040
5763 256000000 1 1 256000000 0 0 0 0 0 0 0 0 0
5764 256000000 0 0 0 0 0 256000000 0 0 0 0 0 0
5766 256000000 0 0 256000000 0 0 0 0 0 0 0 0 0
5767 256000000 0 0 256000000 0 0 0 0 0 0 0 256000000 1
5963 32016000 0 0 32016000 0 0 0 0 0 0 0 0 0
5964 32016000 0 0 32016000 0 0 0 0 0 0 0 0 0
5965 32016000 0 0 0 0 0 0 0 0 0 0 0 0
5966 32016000 0 0 0 0 0 32016000 0 0 0 0 0 0
5968 32016000 0 0 32016000 0 0 0 0 0 0 0 0 0
5969 32016000 0 0 32016000 0 0 0 0 0 0 0 32016000 1
5971 32001 1 1 32001 0 0 0 0 0 0 0 0 0
5972 32001 0 0 32001 0 0 0 0 0 0 0 0 0
5973 32001 0 0 0 0 0 0 0 0 0 0 0 0
5974 32001 0 0 0 0 0 32001 0 0 0 0 0 0
5976 32001 0 0 32001 0 0 0 0 0 0 0 0 0
5977 32001 0 0 32001 0 0 0 0 0 0 0 32001 32001
5979 6298139537 1 1 6298139537 0 0 0 0 0 0 0 0 0
5980 6298139537 0 0 6298139537 0 0 0 0 0 0 0 0 0
5981 6298139537 0 0 0 0 0 0 0 0 0 0 0 0
5982 6298139537 0 0 0 0 0 6298139537 0 0 0 0 0 0
5984 6298139537 0 0 6298139537 0 0 0 0 0 0 0 0 0
5985 6298139537 0 0 6298139537 4 4 0 0 0 0 0 6298139537 64000003
5987 512000002 0 0 512000002 0 0 0 0 0 0 0 0 0
5988 512000002 0 0 512000002 0 0 0 0 0 0 0 0 0
5989 512000002 0 0 0 0 0 0 0 0 0 0 0 0
5990 512000002 0 0 0 0 0 512000002 0 0 0 0 0 0
5992 512000002 0 0 512000002 0 0 0 0 0 0 0 0 0
5993 512000002 0 0 512000002 0 0 0 0 0 0 0 512000002 512000002
5995 256000001 1 1 256000001 0 0 0 0 0 0 0 0 0
5996 256000001 0 0 256000001 0 0 0 0 0 0 0 0 0
5997 256000001 0 0 0 0 0 0 0 0 0 0 0 0
5998 256000001 0 0 0 0 0 256000001 1 1 0 0 0 0
6000 256000001 0 0 256000001 0 0 0 0 0 0 0 0 0
6001 256000001 0 0 256000001 1 1 0 0 0 0 0 256000001 2
6003 1 0 0 1 0 0 0 0 0 0 0 0 0
6004 1 0 0 1 0 0 0 0 0 0 0 0 0
6005 1 0 0 0 0 0 0 0 0 0 0 0 0
6006 1 0 0 0 0 0 1 0 0 0 0 0 0
6008 1 1 1 1 0 0 0 0 0 0 0 0 0
6009 1 0 0 1 1 1 0 0 0 0 0 1 1
6043 6964038337 1 1 6964038337 0 0 0 0 0 0 0 0 0
6044 6964038337 0 0 6964038337 0 0 0 0 0 0 0 0 0
6045 6964038337 0 0 0 0 0 6964038337 0 0 0 0 0 0
6047 6964038337 0 0 6964038337 0 0 0 0 0 0 0 0 0
6048 6964038337 0 0 6964038337 4 4 0 0 0 0 0 6964038337 953898817
6050 576000000 0 0 576000000 0 0 0 0 0 0 0 0 0
6051 576000000 0 0 576000000 0 0 0 0 0 0 0 0 0
6052 576000000 0 0 0 0 0 576000000 0 0 0 0 0 0
6054 576000000 0 0 576000000 0 0 0 0 0 0 0 0 0
6055 576000000 0 0 576000000 0 0 0 0 0 0 0 576000000 576000000
6057 18798434560 0 0 18798434560 0 0 0 0 0 0 0 0 0
6058 18798434560 0 0 18798434560 0 0 0 0 0 0 0 0 0
6059 18798434560 0 0 0 0 0 18798434560 0 0 0 0 0 0
6061 18798434560 0 0 18798434560 0 0 0 0 0 0 0 0 0
6062 18798434560 0 0 18798434560 2 2 0 0 0 0 0 18798434560 12532295040
6064 16000 1 1 16000 0 0 0 0 0 0 0 0 0
6065 16000 0 0 16000 0 0 0 0 0 0 0 0 0
6066 16000 0 0 0 0 0 16000 0 0 0 0 0 0
6068 16000 0 0 16000 0 0 0 0 0 0 0 0 0
6069 16000 0 0 16000 1 1 0 0 0 0 0 16000 1
6100 32000000 1 1 32000000 0 0 0 0 0 0 0 0 0
6101 32000000 0 0 32000000 0 0 0 0 0 0 0 0 0
6102 32000000 0 0 0 0 0 32000000 0 0 0 0 0 0
6104 32000000 0 0 32000000 0 0 0 0 0 0 0 0 0
6105 32000000 0 0 32000000 0 0 0 0 0 0 0 32000000 1
6121 1 0 0 1 0 0 0 0 0 0 0 0 0
6122 1 0 0 1 0 0 0 0 0 0 0 0 0
6123 1 0 0 0 0 0 1 0 0 0 0 0 0
6125 1 0 0 1 0 0 0 0 0 0 0 0 0
6126 1 0 0 1 1 1 0 0 0 0 0 1 1
6129 13006161856 0 0 13006161856 0 0 0 0 0 0 0 0 0
6130 13006161856 0 0 13006161856 0 0 0 0 0 0 0 0 0
6131 13006161856 0 0 0 0 0 13006161856 0 0 0 0 0 0
6133 13006161856 0 0 13006161856 0 0 0 0 0 0 0 0 0
6134 13006161856 0 0 13006161856 2 2 0 0 0 0 0 13006161856 13006161856
6136 288016001 1 1 288016001 0 0 0 0 0 0 0 0 0
6137 288016001 0 0 288016001 0 0 0 0 0 0 0 0 0
6138 288016001 0 0 0 0 0 288016001 0 0 0 0 0 0
6140 288016001 0 0 288016001 0 0 0 0 0 0 0 0 0
6141 288016001 0 0 288016001 0 0 0 0 0 0 0 288016001 32001
6143 16002 1 1 16002 0 0 0 0 0 0 0 0 0
6144 16002 0 0 16002 0 0 0 0 0 0 0 0 0
6145 16002 0 0 0 0 0 16002 0 0 0 0 0 0
6147 16002 0 0 16002 0 0 0 0 0 0 0 0 0
6148 16002 0 0 16002 1 1 0 0 0 0 0 16002 3
6150 256000002 0 0 256000002 0 0 0 0 0 0 0 0 0
6151 256000002 0 0 256000002 0 0 0 0 0 0 0 0 0
6152 256000002 0 0 0 0 0 256000002 0 0 0 0 0 0
6154 256000002 0 0 256000002 0 0 0 0 0 0 0 0 0
6155 256000002 0 0 256000002 2 2 0 0 0 0 0 256000002 3
6157 1 1 1 1 0 0 0 0 0 0 0 0 0
6158 1 0 0 1 0 0 0 0 0 0 0 0 0
6159 1 0 0 0 0 0 1 0 0 0 0 0 0
6161 1 0 0 1 0 0 0 0 0 0 0 0 0
6162 1 0 0 1 1 1 0 0 0 0 0 1 1
6193 1 1 1 1 0 0 0 0 0 0 0 0 0
6194 1 1 1 1 0 0 0 0 0 0 0 0 0
6195 1 0 0 0 0 0 1 0 0 0 0 0 0
6197 1 0 0 1 0 0 0 0 0 0 0 0 0
6198 1 0 0 1 0 0 0 0 0 0 0 1 1
14824 32000000 1 1 32000000 0 0 0 0 0 0 0 0 0
14825 32000000 0 0 32000000 0 0 0 0 0 0 0 0 0
14826 32000000 0 0 32000000 0 0 0 0 0 0 0 0 0
14827 32000000 0 0 0 0 0 32000000 500000 500000 0 0 0 0
14829 32000000 0 0 32000000 0 0 0 0 0 0 0 0 0
14830 32000000 0 0 32000000 0 0 0 0 0 0 0 32000000 1
15112 15 1 1 15 0 0 0 0 0 0 0 0 0
15113 15 0 0 15 0 0 0 0 0 0 0 0 0
15114 15 0 0 15 0 0 0 0 0 0 0 0 0
15115 15 0 0 0 0 0 15 0 0 0 0 0 0
15117 15 0 0 15 0 0 0 0 0 0 0 0 0
15118 15 0 0 15 0 0 0 0 0 0 0 15 1
16017 409882816 1 1 409882816 0 0 0 0 0 0 0 0 0
16018 409882816 0 0 0 0 0 0 0 0 0 0 0 0
16020 409882816 0 0 409882816 0 0 0 0 0 0 0 0 0
16021 409882816 0 0 409882816 0 0 0 0 0 0 0 409882816 307733632
16136 256016000 1 1 256016000 0 0 0 0 0 0 0 0 0
16137 256016000 0 0 256016000 0 0 0 0 0 0 0 0 0
16138 256016000 0 0 0 0 0 0 0 0 0 0 0 0
16139 256016000 0 0 0 0 0 0 0 0 256016000 0 0 0
16140 256016000 0 0 0 0 0 0 0 0 256016000 16000 0 0
16142 256000000 0 0 256000000 0 0 0 0 0 0 0 0 0
16143 256000000 0 0 0 0 0 0 0 0 0 0 0 0
16145 16000 0 0 16000 0 0 0 0 0 0 0 0 0
16146 16000 0 0 0 0 0 0 0 0 0 0 0 0
16150 256016000 0 0 0 0 0 0 0 0 0 0 0 0
16152 256016000 0 0 256016000 0 0 0 0 0 0 0 0 0
16153 256016000 0 0 256016000 0 0 0 0 0 0 0 256016000 32000
16155 16001 1 1 16001 0 0 0 0 0 0 0 0 0
16156 16001 0 0 16001 0 0 0 0 0 0 0 0 0
16157 16001 0 0 0 0 0 0 0 0 0 0 0 0
16158 16001 0 0 0 0 0 0 0 0 16001 0 0 0
16159 16001 0 0 0 0 0 0 0 0 16001 1 0 0
16161 16000 0 0 16000 0 0 0 0 0 0 0 0 0
16162 16000 0 0 0 0 0 0 0 0 0 0 0 0
16164 1 0 0 1 0 0 0 0 0 0 0 0 0
16165 1 0 0 0 0 0 0 0 0 0 0 0 0
16169 16001 1 1 0 0 0 0 0 0 0 0 0 0
16171 16001 0 0 16001 0 0 0 0 0 0 0 0 0
16172 16001 0 0 16001 0 0 0 0 0 0 0 16001 2
16326 6266139520 1 1 6266139520 0 0 0 0 0 0 0 0 0
16327 6266139520 0 0 6266139520 0 0 0 0 0 0 0 0 0
16328 6266139520 0 0 0 0 0 0 0 0 0 0 0 0
16329 6266139520 0 0 0 0 0 0 0 0 6266139520 90762943 0 0
16330 6112272704 0 0 0 0 0 0 0 0 6112272704 0 0 0
16332 6112272704 0 0 6112272704 0 0 0 0 0 0 0 0 0
16333 6112272704 0 0 0 0 0 0 0 0 0 0 0 0
16338 153866816 0 0 153866816 0 0 0 0 0 0 0 0 0
16340 6266139520 0 0 0 0 0 0 0 0 0 0 0 0
16342 6266139520 1 1 6266139520 0 0 0 0 0 0 0 0 0
16343 6266139520 0 0 6266139520 0 0 0 0 0 0 0 6266139520 307733632
16707 256000000 1 1 256000000 0 0 0 0 0 0 0 0 0
16708 256000000 0 0 256000000 0 0 0 0 0 0 0 0 0
16709 256000000 0 0 256000000 0 0 0 0 0 0 0 0 0
16710 256000000 0 0 0 0 0 0 0 0 0 0 0 0
16711 256000000 0 0 0 0 0 0 0 0 256000000 32000008 0 0
16712 32000000 0 0 0 0 0 0 0 0 32000000 5 0 0
16717 32000000 0 0 32000000 0 0 0 0 0 0 0 0 0
16718 32000000 0 0 0 0 0 0 0 0 0 0 0 0
16720 224000000 0 0 224000000 0 0 0 0 0 0 0 0 0
16722 256000000 0 0 0 0 0 0 0 0 0 0 0 0
16724 256000000 0 0 256000000 0 0 0 0 0 0 0 0 0
16725 256000000 0 0 256000000 0 0 0 0 0 0 0 256000000 64000000
16727 6112272704 1 1 6112272704 0 0 0 0 0 0 0 0 0
16728 6112272704 0 0 6112272704 0 0 0 0 0 0 0 0 0
16729 6112272704 0 0 6112272704 0 0 0 0 0 0 0 0 0
16730 6112272704 0 0 0 0 0 0 0 0 0 0 0 0
16731 6112272704 0 0 0 0 0 0 0 0 6112272704 102133196 0 0
16732 102133184 0 0 0 0 0 0 0 0 102133184 2 0 0
16737 102133184 0 0 102133184 0 0 0 0 0 0 0 0 0
16738 102133184 0 0 0 0 0 0 0 0 0 0 0 0
16740 6010139520 1 1 6010139520 0 0 0 0 0 0 0 0 0
16742 6112272704 0 0 0 0 0 0 0 0 0 0 0 0
16744 6112272704 0 0 6112272704 0 0 0 0 0 0 0 0 0
16745 6112272704 0 0 6112272704 0 0 0 0 0 0 0 6112272704 204266369
16767 16000 1 1 16000 0 0 0 0 0 0 0 0 0
16768 16000 0 0 16000 0 0 0 0 0 0 0 0 0
16769 16000 0 0 16000 0 0 0 0 0 0 0 0 0
16770 16000 0 0 0 0 0 0 0 0 0 0 0 0
16771 16000 0 0 0 0 0 0 0 0 16000 0 0 0
16772 16000 0 0 0 0 0 0 0 0 16000 2 0 0
16777 16000 0 0 16000 0 0 0 0 0 0 0 0 0
16778 16000 0 0 0 0 0 0 0 0 0 0 0 0
16782 16000 0 0 0 0 0 0 0 0 0 0 0 0
16784 16000 0 0 16000 0 0 0 0 0 0 0 0 0
16785 16000 1 1 16000 0 0 0 0 0 0 0 16000 1
17418 1 1 1 0 0 0 0 0 0 0 0 0 0
17419 1 0 0 0 0 0 0 0 0 0 0 0 0
17421 1 0 0 1 1 1 0 0 0 0 0 0 0
17422 1 0 0 1 0 0 0 0 0 0 0 0 0
17423 1 0 0 1 0 0 0 0 0 0 0 0 0
17424 1 0 0 1 0 0 0 0 0 0 0 0 0
17425 1 0 0 0 0 0 1 0 0 0 0 0 0
17426 1 0 0 0 0 0 1 0 0 0 0 0 0
17427 1 0 0 0 0 0 1 0 0 0 0 0 0
17428 1 1 1 0 0 0 1 0 0 0 0 0 0
17429 1 0 0 1 0 0 0 0 0 0 0 0 0
17430 1 0 0 1 0 0 0 0 0 0 0 0 0
17432 1 0 0 0 0 0 1 0 0 0 0 0 0
17433 1 0 0 0 0 0 1 0 0 0 0 0 0
17434 1 0 0 1 0 0 0 0 0 0 0 0 0
17436 1 0 0 0 0 0 0 0 0 0 0 0 0
17437 1 0 0 0 0 0 0 0 0 1 1 0 0
18115 1 1 1 1 0 0 0 0 0 0 0 0 0
18116 1 0 0 0 0 0 0 0 0 0 0 0 0
18117 1 0 0 0 0 0 1 0 0 0 0 0 0
18118 1 0 0 0 0 0 1 0 0 0 0 0 0
18119 1 0 0 0 0 0 1 0 0 0 0 0 0
18120 1 0 0 1 0 0 0 0 0 0 0 0 0
18121 1 0 0 1 0 0 0 0 0 0 0 0 0
18122 1 0 0 0 0 0 1 0 0 0 0 0 0
18123 1 0 0 0 0 0 0 0 0 0 0 0 0
18124 1 0 0 0 0 0 0 0 0 0 0 0 0
18125 1 0 0 0 0 0 1 0 0 0 0 0 0
18126 1 0 0 0 0 0 0 0 0 0 0 0 0
18128 1 0 0 1 0 0 0 0 0 0 0 0 0
18129 1 0 0 1 0 0 0 0 0 0 0 1 1
18865 1 1 1 0 0 0 1 1 1 0 0 0 0
18866 1 0 0 1 0 0 0 0 0 0 0 0 0
18867 1 0 0 0 0 0 0 0 0 0 0 0 0
18868 1 0 0 1 1 1 0 0 0 0 0 0 0
18869 1 1 1 0 0 0 0 0 0 0 0 0 0
18870 1 0 0 0 0 0 0 0 0 0 0 0 0
18871 1 0 0 0 0 0 1 0 0 0 0 0 0
18872 1 0 0 1 0 0 0 0 0 0 0 0 0
18873 1 0 0 0 0 0 0 0 0 0 0 0 0
18875 1 0 0 1 0 0 0 0 0 0 0 0 0
18876 1 0 0 1 1 1 0 0 0 0 0 1 1
fl=/home/matt/Varsity/Treatise/Work/Virtual Machines/Table Only//templates/dispatch
fn=???
2 1 0 0 1 0 0 0 0 0 0 0 0 0
3 1 0 0 1 1 1 0 0 0 0 0 1 1
fl=/home/matt/Varsity/Treatise/Work/Virtual Machines/Table Only//vm.asm
fn=???
20 1 1 1 0 0 0 0 0 0 0 0 0 0
21 1 0 0 0 0 0 1 0 0 0 0 0 0
23 1 0 0 0 0 0 0 0 0 0 0 0 0
24 1 0 0 0 0 0 0 0 0 1 0 0 0
27 1 0 0 0 0 0 0 0 0 0 0 0 0
30 1 0 0 1 0 0 0 0 0 0 0 0 0
32 1 0 0 0 0 0 0 0 0 0 0 0 0
33 1 0 0 0 0 0 0 0 0 0 0 0 0
34 1 0 0 0 0 0 0 0 0 0 0 0 0
35 1 0 0 0 0 0 0 0 0 0 0 0 0
36 1 0 0 0 0 0 0 0 0 0 0 0 0
38 1 0 0 0 0 0 0 0 0 0 0 0 0
39 1 0 0 0 0 0 0 0 0 0 0 0 0
40 1 1 1 0 0 0 0 0 0 0 0 0 0
41 1 0 0 0 0 0 1 0 0 0 0 0 0
42 1 0 0 0 0 0 1 0 0 0 0 0 0
43 1 0 0 0 0 0 1 0 0 0 0 0 0
44 1 0 0 0 0 0 0 0 0 0 0 0 0
45 1 0 0 1 0 0 0 0 0 0 0 0 0
46 1 0 0 0 0 0 0 0 0 0 0 0 0
47 1 0 0 0 0 0 0 0 0 0 0 0 0
48 1 0 0 0 0 0 1 0 0 0 0 0 0
49 1 0 0 0 0 0 0 0 0 0 0 0 0
50 1 0 0 0 0 0 0 0 0 0 0 0 0
51 1 0 0 0 0 0 0 0 0 0 0 0 0
52 1 0 0 0 0 0 1 0 0 0 0 0 0
56 1 0 0 0 0 0 0 0 0 0 0 0 0
70 1 1 1 0 0 0 0 0 0 0 0 0 0
71 1 0 0 0 0 0 1 0 0 0 0 0 0
fl=???
fn=(below main)
0 58 4 4 17 2 0 16 0 0 7 0 2 2
fn=???
0 214 25 22 111 8 4 36 1 1 11 5 75 23
fn=_Exit
0 8 2 2 1 1 1 0 0 0 0 0 0 0
fn=_IO_cleanup
0 50 3 3 14 1 1 8 0 0 10 4 0 0
fn=_IO_default_finish
0 19 3 3 7 0 0 2 0 0 4 3 0 0
fn=_IO_doallocbuf
0 18 2 2 8 0 0 4 0 0 3 2 1 1
fn=_IO_file_close
0 2 1 1 1 0 0 0 0 0 0 0 0 0
fn=_IO_file_close_it@@GLIBC_2.2.5
0 48 4 4 10 0 0 16 0 0 4 2 1 1
fn=_IO_file_doallocate
0 42 3 3 9 1 0 6 0 0 5 0 1 1
fn=_IO_file_finish@@GLIBC_2.2.5
0 8 2 2 2 0 0 1 0 0 1 1 0 0
fn=_IO_file_fopen@@GLIBC_2.2.5
0 76 9 9 13 1 1 11 0 0 15 5 0 0
fn=_IO_file_init@@GLIBC_2.2.5
0 13 2 2 4 0 0 5 0 0 0 0 0 0
fn=_IO_file_read
0 4 1 1 2 0 0 0 0 0 1 1 0 0
fn=_IO_file_seek
0 4 1 1 2 0 0 0 0 0 0 0 0 0
fn=_IO_file_seekoff@@GLIBC_2.2.5
0 213 16 16 61 0 0 39 0 0 36 13 4 4
fn=_IO_file_stat
0 8 1 1 2 0 0 0 0 0 0 0 0 0
fn=_IO_file_xsgetn
0 33 4 4 10 0 0 6 0 0 3 1 0 0
fn=_IO_flush_all_lockp
0 90 8 8 25 11 11 12 0 0 22 14 0 0
fn=_IO_link_in
0 85 9 9 30 3 2 16 0 0 18 10 0 0
fn=_IO_no_init
0 33 3 3 5 0 0 20 2 2 1 0 0 0
fn=_IO_old_init
0 25 3 3 2 0 0 19 2 2 1 0 0 0
fn=_IO_seekoff_unlocked
0 47 2 2 11 1 0 3 0 0 10 3 3 1
fn=_IO_setb
0 55 1 1 14 0 0 13 0 0 3 2 0 0
fn=_IO_sgetn
0 3 1 1 2 0 0 0 0 0 0 0 1 1
fn=_IO_un_link
0 91 11 11 32 0 0 15 0 0 20 11 0 0
fn=_IO_unsave_markers
0 7 2 2 3 0 0 0 0 0 2 2 0 0
fn=__GI_memcpy
0 311 6 6 96 12 11 95 11 11 34 14 0 0
fn=__GI_strstr
0 24 6 6 9 1 1 6 0 0 2 2 0 0
fn=__call_tls_dtors
0 12 3 3 5 1 1 4 0 0 1 1 0 0
fn=__close_nocancel
0 5 1 1 1 0 0 0 0 0 1 0 0 0
fn=__ctype_init
0 16 2 2 10 1 0 3 0 0 0 0 0 0
fn=__cxa_atexit
0 22 2 2 5 0 0 8 0 0 1 0 0 0
fn=__cxa_finalize
0 46 4 4 12 2 2 6 0 0 7 1 0 0
fn=__default_morecore
0 14 1 1 2 0 0 2 1 0 0 0 0 0
fn=__fopen_internal
0 39 3 3 4 0 0 10 1 1 2 0 0 0
fn=__fopen_maybe_mmap
0 4 1 1 2 0 0 0 0 0 1 1 0 0
fn=__init_cpu_features
0 79 9 9 9 2 2 13 0 0 13 5 1 1
fn=__init_misc
0 24 2 2 7 0 0 5 1 0 2 0 0 0
fn=__libc_csu_init
0 34 3 3 8 1 0 8 0 0 2 0 1 1
fn=__libc_memalign
0 535 4 4 104 0 0 102 1 1 60 20 0 0
fn=__linkin_atfork
0 9 2 2 4 2 0 1 0 0 2 1 0 0
fn=__lseek_nocancel
0 10 0 0 2 0 0 0 0 0 2 0 0 0
fn=__new_exitfn
0 38 6 6 11 5 3 5 0 0 7 6 0 0
fn=__open_nocancel
0 5 1 1 1 0 0 0 0 0 1 0 0 0
fn=__read_nocancel
0 5 0 0 1 0 0 0 0 0 1 1 0 0
fn=__run_exit_handlers
0 56 5 5 9 3 3 10 0 0 9 2 2 2
fn=__sigjmp_save
0 9 0 0 2 0 0 2 0 0 1 1 0 0
fn=__sigsetjmp
0 79 4 4 19 0 0 32 1 1 0 0 0 0
fn=__tls_get_addr
0 11 2 2 7 3 3 0 0 0 2 0 0 0
fn=__unregister_atfork
0 13 2 2 5 1 1 1 0 0 3 2 0 0
fn=__write_nocancel
0 5 0 0 1 0 0 0 0 0 1 0 0 0
fn=_dl_add_to_namespace_list
0 103 2 2 29 0 0 23 0 0 8 5 6 2
fn=_dl_add_to_slotinfo
0 24 2 2 9 3 0 6 0 0 1 0 0 0
fn=_dl_addr
0 56044 10 10 13650 1012 858 17 1 0 12809 1988 2 2
fn=_dl_allocate_tls_init
0 78 6 6 25 2 0 13 0 0 8 2 0 0
fn=_dl_allocate_tls_storage
0 323 3 3 7 0 0 296 37 37 290 10 0 0
fn=_dl_cache_libcmp
0 735 4 4 112 10 10 0 0 0 203 35 0 0
fn=_dl_catch_error
0 120 4 4 33 0 0 60 6 6 3 0 6 3
fn=_dl_check_all_versions
0 75 2 2 13 0 0 8 0 0 9 3 0 0
fn=_dl_check_map_versions
0 1233 13 13 403 6 6 167 13 13 146 53 0 0
fn=_dl_count_modids
0 4 1 1 3 0 0 0 0 0 1 0 0 0
fn=_dl_debug_initialize
0 41 3 3 13 2 1 4 0 0 12 11 0 0
fn=_dl_debug_state
0 2 0 0 2 0 0 0 0 0 0 0 0 0
fn=_dl_determine_tlsoffset
0 56 5 5 11 0 0 8 0 0 4 1 0 0
fn=_dl_discover_osversion
0 80 5 5 14 1 1 7 1 1 14 8 0 0
fn=_dl_find_dso_for_object
0 30 3 3 12 0 0 0 0 0 11 5 0 0
fn=_dl_fini
0 257 10 10 88 19 19 36 3 3 48 10 6 6
fn=_dl_fixup
0 883 6 6 348 54 33 110 1 1 99 12 0 0
fn=_dl_important_hwcaps
0 259 18 18 51 0 0 44 2 2 31 14 0 0
fn=_dl_init
0 86 5 5 24 1 0 12 0 0 12 5 0 0
fn=_dl_init_paths
0 91 10 10 14 0 0 33 2 2 7 3 0 0
fn=_dl_initial_error_catch_tsd
0 8 0 0 4 0 0 0 0 0 0 0 0 0
fn=_dl_load_cache_lookup
0 323 15 15 58 9 9 32 0 0 56 9 0 0
fn=_dl_lookup_symbol_x
0 19713 10 10 4263 107 95 2473 14 5 2321 159 0 0
fn=_dl_map_object
0 415 26 26 86 0 0 67 4 4 68 22 0 0
fn=_dl_map_object_deps
0 1082 37 37 224 1 1 124 1 1 233 50 0 0
fn=_dl_map_object_from_fd
0 1729 49 49 363 17 17 199 22 22 336 94 0 0
fn=_dl_name_match_p
0 1535 3 3 397 4 1 228 1 1 229 37 0 0
fn=_dl_new_object
0 605 15 15 106 4 4 115 26 26 90 43 0 0
fn=_dl_next_ld_env_entry
0 343 2 2 118 25 25 1 0 0 114 21 0 0
fn=_dl_next_tls_modid
0 6 1 1 3 0 0 1 0 0 1 0 0 0
fn=_dl_receive_error
0 28 2 2 10 0 0 12 0 0 0 0 2 2
fn=_dl_relocate_object
0 18882 51 51 5173 672 616 2418 253 241 2789 144 111 13
fn=_dl_runtime_resolve
0 319 4 4 99 0 0 88 2 2 0 0 11 11
fn=_dl_setup_hash
0 88 2 2 28 5 5 24 0 0 4 0 0 0
fn=_dl_sort_fini
0 170 6 6 51 1 1 20 0 0 27 8 0 0
fn=_dl_start
0 620 16 16 128 25 23 55 18 17 110 30 7 1
fn=_dl_sysdep_read_whole_file
0 41 3 3 6 1 1 9 0 0 3 1 0 0
fn=_dl_sysdep_start
0 483 16 15 128 19 17 41 5 5 105 23 18 14
fn=_dl_sysdep_start_cleanup
0 1 1 0 1 0 0 0 0 0 0 0 0 0
fn=_dl_unload_cache
0 10 2 1 3 1 0 2 0 0 1 1 0 0
fn=_dl_vdso_vsym
0 24 2 2 12 1 0 0 0 0 4 4 0 0
fn=_fxstat
0 50 2 2 5 0 0 0 0 0 10 0 0 0
fn=_init
0 60 5 5 14 2 0 18 4 3 4 2 0 0
fn=_int_malloc
0 848 51 51 133 6 3 136 4 4 117 56 2 2
fn=_setjmp
0 2 1 1 0 0 0 0 0 0 0 0 0 0
fn=_start
0 11 1 1 1 0 0 3 0 0 0 0 0 0
fn=access
0 9 1 1 1 0 0 1 0 0 1 1 0 0
fn=bcmp
0 1041 12 12 244 11 11 76 3 3 182 59 0 0
fn=brk
0 47 3 3 7 0 0 4 1 1 8 0 0 0
fn=call_init.part.0
0 155 4 4 58 4 0 28 0 0 17 3 4 4
fn=calloc
0 64 1 1 0 0 0 0 0 0 8 8 0 0
fn=check_match.isra.0
0 5440 7 7 1904 48 25 613 5 2 809 27 0 0
fn=close
0 15 1 1 3 0 0 0 0 0 3 0 0 0
fn=dl_main
0 1056 73 73 213 24 18 140 17 17 213 82 1 1
fn=do_lookup_x
0 27044 17 17 9444 222 163 4190 14 7 3916 293 0 0
fn=do_preload
0 28 3 3 7 0 0 8 0 0 1 1 0 0
fn=exit
0 4 1 1 0 0 0 1 0 0 0 0 0 0
fn=fclose@@GLIBC_2.2.5
0 65 8 8 26 2 0 9 0 0 15 8 1 1
fn=fopen@@GLIBC_2.2.5
0 2 1 1 0 0 0 0 0 0 0 0 0 0
fn=fread
0 52 6 6 18 0 0 7 0 0 10 5 0 0
fn=free
0 211 15 15 58 10 10 26 0 0 55 24 0 0
fn=fseek
0 78 4 4 30 0 0 8 0 0 16 10 0 0
fn=ftell
0 41 6 6 15 0 0 4 0 0 10 7 0 0
fn=gettimeofday
0 14 1 1 1 0 0 5 0 0 0 0 0 0
fn=handle_intel.isra.0
0 94 5 5 14 0 0 26 0 0 6 2 0 0
fn=index
0 163 5 5 21 2 2 0 0 0 12 4 0 0
fn=init_cacheinfo
0 147 8 8 6 0 0 12 1 1 24 8 0 0
fn=init_tls
0 65 4 4 14 0 0 13 1 1 12 6 0 0
fn=intel_check_word
0 904 10 10 82 6 6 16 0 0 236 57 0 0
fn=lseek
0 4 1 1 2 0 0 0 0 0 2 0 0 0
fn=malloc
0 165 4 4 38 2 0 11 0 0 22 14 1 1
fn=malloc_consolidate
0 651 4 4 3 0 0 257 32 32 129 10 0 0
fn=malloc_hook_ini
0 38 4 4 12 3 1 5 0 0 8 6 0 0
fn=map_doit
0 14 1 1 5 0 0 3 0 0 0 0 0 0
fn=match_symbol
0 356 5 5 140 14 14 36 0 0 92 12 0 0
fn=memcpy
0 390 6 6 59 0 0 46 8 8 102 58 0 0
fn=memcpy@GLIBC_2.2.5
0 17 2 2 4 0 0 0 0 0 3 0 0 0
fn=mempcpy
0 143 5 5 21 1 1 16 3 3 38 20 0 0
fn=memset
0 2510 1 1 11 0 0 2444 39 39 2455 55 0 0
fn=mmap
0 66 3 3 11 0 0 0 0 0 11 0 0 0
fn=mprotect
0 30 1 1 6 0 0 0 0 0 6 0 0 0
fn=munmap
0 10 0 0 2 0 0 0 0 0 2 0 0 0
fn=open
0 17 2 2 4 0 0 0 0 0 4 0 0 0
fn=open_verify
0 409 12 12 88 6 6 42 2 2 71 22 0 0
fn=openaux
0 34 2 2 16 0 0 6 0 0 0 0 0 0
fn=ptmalloc_init.part.8
0 385 7 7 126 40 1 15 4 2 117 21 0 0
fn=read
0 12 2 2 3 0 0 0 0 0 3 0 0 0
fn=rindex
0 24 2 2 2 1 0 0 0 0 3 0 0 0
fn=rtld_lock_default_lock_recursive
0 10 1 1 10 2 1 0 0 0 0 0 0 0
fn=rtld_lock_default_unlock_recursive
0 10 0 0 10 1 0 0 0 0 0 0 0 0
fn=sbrk
0 69 4 4 20 2 0 11 0 0 13 4 0 0
fn=strcasecmp
0 7 2 2 3 1 1 1 0 0 2 1 0 0
fn=strcmp
0 11929 1 1 3580 41 24 0 0 0 3218 249 0 0
fn=strdup
0 34 1 1 4 0 0 8 0 0 2 0 0 0
fn=strlen
0 610 4 4 71 0 0 0 0 0 153 39 0 0
fn=strncasecmp
0 6 2 2 3 0 0 0 0 0 2 2 0 0
fn=strsep
0 800 2 2 250 0 0 1 0 0 248 15 0 0
fn=time
0 14 2 2 1 0 0 5 0 0 0 0 0 0
fn=uname
0 5 1 1 1 0 0 0 0 0 1 0 0 0
fn=version_check_doit
0 10 1 1 4 0 0 2 0 0 1 1 0 0
fn=write
0 2 1 1 1 1 1 0 0 0 1 0 0 0
summary: 1075445214300 991 985 716990133315 2556 2116 182031943865 500576 500535 19392947051 224916299 182287976534 54104759595
