desc: I1 cache:         32768 B, 64 B, 8-way associative
desc: D1 cache:         32768 B, 64 B, 8-way associative
desc: LL cache:         3145728 B, 64 B, 12-way associative
cmd: ./vm ../Common/a.out
events: Ir I1mr ILmr Dr D1mr DLmr Dw D1mw DLmw Bc Bcm Bi Bim
fl=/home/matt/Varsity/Treatise/Work/Virtual Machines/Table Only/../Common/utility.c
fn=file_to_memory
45 4 1 1 0 0 0 2 0 0 0 0 0 0
46 5 1 1 1 0 0 2 2 0 0 0 0 0
47 2 0 0 1 0 0 0 0 0 1 1 0 0
50 5 0 0 1 0 0 1 0 0 0 0 0 0
51 4 0 0 1 0 0 2 0 0 0 0 0 0
52 5 1 1 1 0 0 1 0 0 0 0 0 0
54 6 0 0 1 0 0 2 0 0 0 0 0 0
56 12 1 1 4 0 0 1 0 0 1 1 0 0
62 3 0 0 1 0 0 1 0 0 0 0 0 0
63 5 0 0 2 0 0 1 0 0 0 0 0 0
64 1 0 0 1 0 0 0 0 0 0 0 0 0
65 2 0 0 2 0 0 0 0 0 0 0 0 0
fn=main
7 5 1 1 0 0 0 3 0 0 0 0 0 0
8 7 0 0 3 1 0 1 0 0 0 0 0 0
fn=print_int
19 400000000 1 1 0 0 0 200000000 0 0 0 0 0 0
20 500000000 0 0 100000000 0 0 100000000 0 0 0 0 0 0
21 300000000 0 0 200000000 0 0 0 0 0 0 0 0 0
fl=/home/matt/Varsity/Treatise/Work/Virtual Machines/Table Only//codetable.asm
fn=???
2266 100000368 1 1 100000368 0 0 0 0 0 0 0 0 0
2267 100000368 0 0 100000368 0 0 0 0 0 0 0 0 0
2268 100000368 0 0 0 0 0 0 0 0 0 0 0 0
2269 100000368 0 0 0 0 0 100000368 0 0 0 0 0 0
2271 100000368 0 0 100000368 0 0 0 0 0 0 0 0 0
2272 100000368 1 1 100000368 0 0 0 0 0 0 0 100000368 1
2354 100000368 1 1 100000368 0 0 0 0 0 0 0 0 0
2355 100000368 0 0 100000368 0 0 0 0 0 0 0 0 0
2356 100000368 0 0 0 0 0 0 0 0 0 0 0 0
2357 100000368 0 0 0 0 0 100000368 0 0 0 0 0 0
2359 100000368 0 0 100000368 0 0 0 0 0 0 0 0 0
2360 100000368 0 0 100000368 1 1 0 0 0 0 0 100000368 1
2370 623 1 1 623 0 0 0 0 0 0 0 0 0
2371 623 1 1 623 0 0 0 0 0 0 0 0 0
2372 623 0 0 0 0 0 0 0 0 0 0 0 0
2373 623 0 0 0 0 0 623 0 0 0 0 0 0
2375 623 0 0 623 0 0 0 0 0 0 0 0 0
2376 623 0 0 623 1 1 0 0 0 0 0 623 1
2493 300000368 1 1 300000368 0 0 0 0 0 0 0 0 0
2494 300000368 0 0 300000368 0 0 0 0 0 0 0 0 0
2495 300000368 0 0 300000368 0 0 0 0 0 0 0 0 0
2496 300000368 0 0 0 0 0 0 0 0 0 0 0 0
2497 300000368 0 0 0 0 0 0 0 0 0 0 0 0
2498 300000368 0 0 0 0 0 300000368 0 0 0 0 0 0
2500 300000368 0 0 300000368 0 0 0 0 0 0 0 0 0
2501 300000368 0 0 300000368 0 0 0 0 0 0 0 300000368 200000001
2513 100000991 1 1 100000991 0 0 0 0 0 0 0 0 0
2514 100000991 0 0 100000991 0 0 0 0 0 0 0 0 0
2515 100000991 0 0 100000991 0 0 0 0 0 0 0 0 0
2516 100000991 0 0 0 0 0 0 0 0 0 0 0 0
2517 100000991 0 0 0 0 0 0 0 0 0 0 0 0
2518 100000991 0 0 0 0 0 100000991 0 0 0 0 0 0
2520 100000991 0 0 100000991 0 0 0 0 0 0 0 0 0
2521 100000991 0 0 100000991 2 2 0 0 0 0 0 100000991 160258
2523 623 1 1 623 0 0 0 0 0 0 0 0 0
2524 623 0 0 623 0 0 0 0 0 0 0 0 0
2525 623 0 0 623 0 0 0 0 0 0 0 0 0
2526 623 0 0 0 0 0 0 0 0 0 0 0 0
2527 623 0 0 0 0 0 0 0 0 0 0 0 0
2528 623 0 0 0 0 0 623 0 0 0 0 0 0
2530 623 0 0 623 0 0 0 0 0 0 0 0 0
2531 623 0 0 623 1 1 0 0 0 0 0 623 1
3175 623 1 1 623 0 0 0 0 0 0 0 0 0
3176 623 0 0 623 0 0 0 0 0 0 0 0 0
3177 623 0 0 623 0 0 0 0 0 0 0 0 0
3178 623 1 1 0 0 0 0 0 0 0 0 0 0
3179 623 0 0 0 0 0 0 0 0 0 0 0 0
3180 623 0 0 0 0 0 623 0 0 0 0 0 0
3182 623 0 0 623 0 0 0 0 0 0 0 0 0
3183 623 0 0 623 1 1 0 0 0 0 0 623 1
3540 100000000 1 1 100000000 0 0 0 0 0 0 0 0 0
3541 100000000 0 0 100000000 0 0 0 0 0 0 0 0 0
3542 100000000 1 1 0 0 0 0 0 0 0 0 0 0
3543 100000000 0 0 100000000 0 0 0 0 0 0 0 0 0
3544 100000000 0 0 0 0 0 0 0 0 0 0 0 0
3545 100000000 0 0 0 0 0 0 0 0 0 0 0 0
3546 100000000 0 0 0 0 0 100000000 0 0 0 0 0 0
3547 100000000 0 0 0 0 0 100000000 0 0 0 0 0 0
3548 100000000 0 0 0 0 0 0 0 0 0 0 0 0
3550 100000000 0 0 100000000 0 0 0 0 0 0 0 0 0
3551 100000000 0 0 100000000 0 0 0 0 0 0 0 100000000 1
3566 200000736 1 1 200000736 0 0 0 0 0 0 0 0 0
3567 200000736 0 0 200000736 0 0 0 0 0 0 0 0 0
3568 200000736 0 0 0 0 0 0 0 0 0 0 0 0
3569 200000736 0 0 200000736 0 0 0 0 0 0 0 0 0
3570 200000736 0 0 0 0 0 0 0 0 0 0 0 0
3571 200000736 0 0 0 0 0 0 0 0 0 0 0 0
3572 200000736 1 1 0 0 0 200000736 0 0 0 0 0 0
3573 200000736 0 0 0 0 0 200000736 0 0 0 0 0 0
3574 200000736 0 0 0 0 0 0 0 0 0 0 0 0
3576 200000736 0 0 200000736 0 0 0 0 0 0 0 0 0
3577 200000736 0 0 200000736 1 1 0 0 0 0 0 200000736 1
3946 200000736 1 1 200000736 0 0 0 0 0 0 0 0 0
3947 200000736 0 0 200000736 0 0 0 0 0 0 0 0 0
3948 200000736 0 0 200000736 0 0 0 0 0 0 0 0 0
3949 200000736 0 0 0 0 0 0 0 0 0 0 0 0
3950 200000736 0 0 0 0 0 0 0 0 0 0 0 0
3951 200000736 0 0 0 0 0 200000736 0 0 0 0 0 0
3953 200000736 0 0 200000736 0 0 0 0 0 0 0 0 0
3954 200000736 0 0 200000736 2 2 0 0 0 0 0 200000736 200000736
3956 300000368 0 0 300000368 0 0 0 0 0 0 0 0 0
3957 300000368 0 0 300000368 0 0 0 0 0 0 0 0 0
3958 300000368 0 0 300000368 0 0 0 0 0 0 0 0 0
3959 300000368 0 0 0 0 0 0 0 0 0 0 0 0
3960 300000368 0 0 0 0 0 0 0 0 0 0 0 0
3961 300000368 0 0 0 0 0 300000368 0 0 0 0 0 0
3963 300000368 0 0 300000368 0 0 0 0 0 0 0 0 0
3964 300000368 0 0 300000368 0 0 0 0 0 0 0 300000368 320514
3966 100000991 1 1 100000991 0 0 0 0 0 0 0 0 0
3967 100000991 0 0 100000991 0 0 0 0 0 0 0 0 0
3968 100000991 0 0 100000991 0 0 0 0 0 0 0 0 0
3969 100000991 0 0 0 0 0 0 0 0 0 0 0 0
3970 100000991 0 0 0 0 0 0 0 0 0 0 0 0
3971 100000991 1 1 0 0 0 100000991 0 0 0 0 0 0
3973 100000991 0 0 100000991 0 0 0 0 0 0 0 0 0
3974 100000991 0 0 100000991 1 1 0 0 0 0 0 100000991 2
3976 100000000 0 0 100000000 0 0 0 0 0 0 0 0 0
3977 100000000 0 0 100000000 0 0 0 0 0 0 0 0 0
3978 100000000 0 0 100000000 0 0 0 0 0 0 0 0 0
3979 100000000 0 0 0 0 0 0 0 0 0 0 0 0
3980 100000000 0 0 0 0 0 0 0 0 0 0 0 0
3981 100000000 0 0 0 0 0 100000000 0 0 0 0 0 0
3983 100000000 0 0 100000000 0 0 0 0 0 0 0 0 0
3984 100000000 0 0 100000000 0 0 0 0 0 0 0 100000000 1
4425 549995174 1 1 549995174 0 0 0 0 0 0 0 0 0
4426 549995174 0 0 549995174 0 0 0 0 0 0 0 0 0
4427 549995174 0 0 0 0 0 0 0 0 0 0 0 0
4428 549995174 0 0 0 0 0 549995174 0 0 0 0 0 0
4430 549995174 0 0 549995174 0 0 0 0 0 0 0 0 0
4431 549995174 0 0 549995174 0 0 0 0 0 0 0 549995174 300069915
4521 623 1 1 623 0 0 0 0 0 0 0 0 0
4522 623 1 1 623 0 0 0 0 0 0 0 0 0
4523 623 0 0 0 0 0 0 0 0 0 0 0 0
4524 623 0 0 0 0 0 623 0 0 0 0 0 0
4526 623 0 0 623 0 0 0 0 0 0 0 0 0
4527 623 0 0 623 1 1 0 0 0 0 0 623 1
4798 200000000 1 1 200000000 0 0 0 0 0 0 0 0 0
4799 200000000 1 1 200000000 0 0 0 0 0 0 0 0 0
4800 200000000 0 0 0 0 0 0 0 0 0 0 0 0
4801 200000000 0 0 0 0 0 0 0 0 0 0 0 0
4802 200000000 0 0 0 0 0 200000000 0 0 0 0 0 0
4804 200000000 0 0 200000000 0 0 0 0 0 0 0 0 0
4805 200000000 0 0 200000000 0 0 0 0 0 0 0 200000000 1
5146 100000368 1 1 100000368 0 0 0 0 0 0 0 0 0
5147 100000368 0 0 100000368 0 0 0 0 0 0 0 0 0
5148 100000368 0 0 0 0 0 0 0 0 0 0 0 0
5149 100000368 0 0 0 0 0 0 0 0 0 0 0 0
5150 100000368 0 0 0 0 0 100000368 0 0 0 0 0 0
5152 100000368 0 0 100000368 0 0 0 0 0 0 0 0 0
5153 100000368 0 0 100000368 0 0 0 0 0 0 0 100000368 1
5155 200000000 0 0 200000000 0 0 0 0 0 0 0 0 0
5156 200000000 0 0 200000000 0 0 0 0 0 0 0 0 0
5157 200000000 0 0 0 0 0 0 0 0 0 0 0 0
5158 200000000 0 0 0 0 0 0 0 0 0 0 0 0
5159 200000000 0 0 0 0 0 200000000 0 0 0 0 0 0
5161 200000000 0 0 200000000 0 0 0 0 0 0 0 0 0
5162 200000000 0 0 200000000 0 0 0 0 0 0 0 200000000 1
5173 623 1 1 623 0 0 0 0 0 0 0 0 0
5174 623 0 0 623 0 0 0 0 0 0 0 0 0
5175 623 0 0 0 0 0 0 0 0 0 0 0 0
5176 623 0 0 0 0 0 0 0 0 0 0 0 0
5177 623 1 1 0 0 0 623 0 0 0 0 0 0
5179 623 0 0 623 0 0 0 0 0 0 0 0 0
5180 623 0 0 623 1 1 0 0 0 0 0 623 1
5613 200000736 1 1 200000736 0 0 0 0 0 0 0 0 0
5614 200000736 0 0 0 0 0 200000736 0 0 0 0 0 0
5616 200000736 0 0 200000736 0 0 0 0 0 0 0 0 0
5617 200000736 1 1 200000736 1 1 0 0 0 0 0 200000736 1
5643 100000368 1 1 100000368 0 0 0 0 0 0 0 0 0
5644 100000368 0 0 0 0 0 100000368 0 0 0 0 0 0
5646 100000368 0 0 100000368 0 0 0 0 0 0 0 0 0
5647 100000368 0 0 100000368 0 0 0 0 0 0 0 100000368 1
5673 400000000 0 0 400000000 0 0 0 0 0 0 0 0 0
5674 400000000 0 0 0 0 0 400000000 0 0 0 0 0 0
5676 400000000 0 0 400000000 0 0 0 0 0 0 0 0 0
5677 400000000 0 0 400000000 1 1 0 0 0 0 0 400000000 200000001
5679 100000368 1 1 100000368 0 0 0 0 0 0 0 0 0
5680 100000368 0 0 0 0 0 100000368 0 0 0 0 0 0
5682 100000368 0 0 100000368 0 0 0 0 0 0 0 0 0
5683 100000368 0 0 100000368 0 0 0 0 0 0 0 100000368 1
5685 100000000 0 0 100000000 0 0 0 0 0 0 0 0 0
5686 100000000 0 0 0 0 0 100000000 0 0 0 0 0 0
5688 100000000 0 0 100000000 0 0 0 0 0 0 0 0 0
5689 100000000 0 0 100000000 0 0 0 0 0 0 0 100000000 1
5709 623 1 1 623 0 0 0 0 0 0 0 0 0
5710 623 0 0 0 0 0 623 0 0 0 0 0 0
5712 623 0 0 623 0 0 0 0 0 0 0 0 0
5713 623 0 0 623 1 1 0 0 0 0 0 623 1
5745 623 1 1 623 0 0 0 0 0 0 0 0 0
5746 623 0 0 0 0 0 623 0 0 0 0 0 0
5748 623 0 0 623 0 0 0 0 0 0 0 0 0
5749 623 0 0 623 1 1 0 0 0 0 0 623 1
5806 300000736 1 1 300000736 0 0 0 0 0 0 0 0 0
5807 300000736 0 0 0 0 0 300000736 0 0 0 0 0 0
5809 300000736 0 0 300000736 0 0 0 0 0 0 0 0 0
5810 300000736 0 0 300000736 1 1 0 0 0 0 0 300000736 320514
5932 200000736 1 1 200000736 0 0 0 0 0 0 0 0 0
5933 200000736 0 0 0 0 0 200000736 0 0 0 0 0 0
5935 200000736 0 0 200000736 0 0 0 0 0 0 0 0 0
5936 200000736 0 0 200000736 1 1 0 0 0 0 0 200000736 1
5971 160259 1 1 160259 0 0 0 0 0 0 0 0 0
5972 160259 0 0 160259 0 0 0 0 0 0 0 0 0
5973 160259 0 0 0 0 0 0 0 0 0 0 0 0
5974 160259 1 1 0 0 0 160259 1 1 0 0 0 0
5976 160259 0 0 160259 0 0 0 0 0 0 0 0 0
5977 160259 0 0 160259 1 1 0 0 0 0 0 160259 3
5979 3 0 0 3 0 0 0 0 0 0 0 0 0
5980 3 0 0 3 0 0 0 0 0 0 0 0 0
5981 3 0 0 0 0 0 0 0 0 0 0 0 0
5982 3 0 0 0 0 0 3 0 0 0 0 0 0
5984 3 0 0 3 0 0 0 0 0 0 0 0 0
5985 3 0 0 3 3 3 0 0 0 0 0 3 3
5987 149995175 0 0 149995175 0 0 0 0 0 0 0 0 0
5988 149995175 0 0 149995175 0 0 0 0 0 0 0 0 0
5989 149995175 0 0 0 0 0 0 0 0 0 0 0 0
5990 149995175 1 1 0 0 0 149995175 0 0 0 0 0 0
5992 149995175 0 0 149995175 0 0 0 0 0 0 0 0 0
5993 149995175 0 0 149995175 2 2 0 0 0 0 0 149995175 99989613
6050 100000001 1 1 100000001 0 0 0 0 0 0 0 0 0
6051 100000001 0 0 100000001 0 0 0 0 0 0 0 0 0
6052 100000001 0 0 0 0 0 100000001 0 0 0 0 0 0
6054 100000001 0 0 100000001 0 0 0 0 0 0 0 0 0
6055 100000001 0 0 100000001 0 0 0 0 0 0 0 100000001 2
6086 100160258 1 1 100160258 0 0 0 0 0 0 0 0 0
6087 100160258 0 0 100160258 0 0 0 0 0 0 0 0 0
6088 100160258 0 0 0 0 0 100160258 0 0 0 0 0 0
6090 100160258 0 0 100160258 0 0 0 0 0 0 0 0 0
6091 100160258 0 0 100160258 0 0 0 0 0 0 0 100160258 320515
6129 100000000 0 0 100000000 0 0 0 0 0 0 0 0 0
6130 100000000 0 0 100000000 0 0 0 0 0 0 0 0 0
6131 100000000 0 0 0 0 0 100000000 0 0 0 0 0 0
6133 100000000 0 0 100000000 0 0 0 0 0 0 0 0 0
6134 100000000 0 0 100000000 1 1 0 0 0 0 0 100000000 1
6136 2 1 1 2 0 0 0 0 0 0 0 0 0
6137 2 1 1 2 0 0 0 0 0 0 0 0 0
6138 2 0 0 0 0 0 2 0 0 0 0 0 0
6140 2 0 0 2 0 0 0 0 0 0 0 0 0
6141 2 0 0 2 1 1 0 0 0 0 0 2 1
6172 1 1 1 1 0 0 0 0 0 0 0 0 0
6173 1 0 0 1 0 0 0 0 0 0 0 0 0
6174 1 1 1 0 0 0 1 0 0 0 0 0 0
6176 1 0 0 1 0 0 0 0 0 0 0 0 0
6177 1 0 0 1 0 0 0 0 0 0 0 1 1
7627 200000368 1 1 200000368 0 0 0 0 0 0 0 0 0
7628 200000368 0 0 200000368 0 0 0 0 0 0 0 0 0
7629 200000368 0 0 200000368 0 0 0 0 0 0 0 0 0
7630 200000368 0 0 0 0 0 200000368 0 0 0 0 0 0
7632 200000368 0 0 200000368 0 0 0 0 0 0 0 0 0
7633 200000368 0 0 200000368 0 0 0 0 0 0 0 200000368 320514
8115 200000736 1 1 200000736 0 0 0 0 0 0 0 0 0
8116 200000736 0 0 200000736 0 0 0 0 0 0 0 0 0
8117 200000736 0 0 200000736 0 0 0 0 0 0 0 0 0
8118 200000736 0 0 0 0 0 200000736 0 0 0 0 0 0
8120 200000736 0 0 200000736 0 0 0 0 0 0 0 0 0
8121 200000736 0 0 200000736 1 1 0 0 0 0 0 200000736 200000736
8363 623 1 1 623 0 0 0 0 0 0 0 0 0
8364 623 0 0 623 0 0 0 0 0 0 0 0 0
8365 623 1 1 623 0 0 0 0 0 0 0 0 0
8366 623 0 0 0 0 0 623 0 0 0 0 0 0
8368 623 0 0 623 0 0 0 0 0 0 0 0 0
8369 623 0 0 623 1 1 0 0 0 0 0 623 1
10573 1 1 1 1 0 0 0 0 0 0 0 0 0
10574 1 0 0 1 0 0 0 0 0 0 0 0 0
10575 1 0 0 1 0 0 0 0 0 0 0 0 0
10576 1 1 1 0 0 0 1 0 0 0 0 0 0
10578 1 0 0 1 0 0 0 0 0 0 0 0 0
10579 1 0 0 1 1 1 0 0 0 0 0 1 1
10773 100000368 1 1 100000368 0 0 0 0 0 0 0 0 0
10774 100000368 0 0 100000368 0 0 0 0 0 0 0 0 0
10775 100000368 0 0 100000368 0 0 0 0 0 0 0 0 0
10776 100000368 0 0 0 0 0 100000368 0 0 0 0 0 0
10778 100000368 0 0 100000368 0 0 0 0 0 0 0 0 0
10779 100000368 1 1 100000368 0 0 0 0 0 0 0 100000368 1
11333 623 1 1 623 0 0 0 0 0 0 0 0 0
11334 623 0 0 623 0 0 0 0 0 0 0 0 0
11335 623 0 0 623 0 0 0 0 0 0 0 0 0
11336 623 0 0 0 0 0 623 77 77 0 0 0 0
11338 623 0 0 623 0 0 0 0 0 0 0 0 0
11339 623 0 0 623 0 0 0 0 0 0 0 623 1
16727 300000368 1 1 300000368 0 0 0 0 0 0 0 0 0
16728 300000368 0 0 300000368 0 0 0 0 0 0 0 0 0
16729 300000368 0 0 300000368 0 0 0 0 0 0 0 0 0
16730 300000368 0 0 0 0 0 0 0 0 0 0 0 0
16731 300000368 0 0 0 0 0 0 0 0 300000368 160264 0 0
16732 200000368 0 0 0 0 0 0 0 0 200000368 200182 0 0
16734 199679853 0 0 199679853 0 0 0 0 0 0 0 0 0
16735 199679853 0 0 0 0 0 0 0 0 0 0 0 0
16737 320515 0 0 320515 0 0 0 0 0 0 0 0 0
16738 320515 0 0 0 0 0 0 0 0 0 0 0 0
16740 100000000 0 0 100000000 0 0 0 0 0 0 0 0 0
16742 300000368 1 1 0 0 0 0 0 0 0 0 0 0
16744 300000368 0 0 300000368 0 0 0 0 0 0 0 0 0
16745 300000368 0 0 300000368 0 0 0 0 0 0 0 300000368 200160258
16767 623 1 1 623 0 0 0 0 0 0 0 0 0
16768 623 0 0 623 0 0 0 0 0 0 0 0 0
16769 623 0 0 623 0 0 0 0 0 0 0 0 0
16770 623 0 0 0 0 0 0 0 0 0 0 0 0
16771 623 0 0 0 0 0 0 0 0 623 0 0 0
16772 623 0 0 0 0 0 0 0 0 623 1 0 0
16774 622 0 0 622 0 0 0 0 0 0 0 0 0
16775 622 0 0 0 0 0 0 0 0 0 0 0 0
16777 1 0 0 1 0 0 0 0 0 0 0 0 0
16778 1 0 0 0 0 0 0 0 0 0 0 0 0
16782 623 0 0 0 0 0 0 0 0 0 0 0 0
16784 623 0 0 623 0 0 0 0 0 0 0 0 0
16785 623 1 1 623 0 0 0 0 0 0 0 623 2
16787 100000368 0 0 100000368 0 0 0 0 0 0 0 0 0
16788 100000368 0 0 100000368 0 0 0 0 0 0 0 0 0
16789 100000368 0 0 100000368 0 0 0 0 0 0 0 0 0
16790 100000368 0 0 0 0 0 0 0 0 0 0 0 0
16791 100000368 0 0 0 0 0 0 0 0 100000368 49998422 0 0
16792 50005562 0 0 0 0 0 0 0 0 50005562 14 0 0
16797 50005562 0 0 50005562 0 0 0 0 0 0 0 0 0
16798 50005562 0 0 0 0 0 0 0 0 0 0 0 0
16800 49994806 0 0 49994806 0 0 0 0 0 0 0 0 0
16802 100000368 0 0 0 0 0 0 0 0 0 0 0 0
16804 100000368 0 0 100000368 0 0 0 0 0 0 0 0 0
16805 100000368 0 0 100000368 0 0 0 0 0 0 0 100000368 100000368
17346 100160258 1 1 100160258 0 0 0 0 0 0 0 0 0
17347 100160258 1 1 0 0 0 0 0 0 0 0 0 0
17348 100160258 0 0 0 0 0 0 0 0 0 0 0 0
17349 100160258 0 0 100160258 0 0 0 0 0 0 0 0 0
17350 100160258 0 0 0 0 0 0 0 0 0 0 0 0
17351 100160258 0 0 0 0 0 0 0 0 0 0 0 0
17352 100160258 0 0 0 0 0 0 0 0 0 0 0 0
17354 100160258 0 0 0 0 0 100160258 0 0 0 0 0 0
17355 100160258 0 0 0 0 0 100160258 0 0 0 0 0 0
17356 100160258 0 0 0 0 0 100160258 0 0 0 0 0 0
17357 100160258 0 0 0 0 0 100160258 0 0 0 0 0 0
17358 100160258 0 0 100160258 0 0 0 0 0 0 0 0 0
17359 100160258 0 0 100160258 0 0 0 0 0 0 0 0 0
17360 100160258 0 0 100160258 0 0 0 0 0 0 0 0 0
17362 100160258 0 0 0 0 0 0 0 0 0 0 0 0
17363 100160258 0 0 100160258 0 0 0 0 0 0 0 0 0
17364 100160258 0 0 100160258 0 0 0 0 0 0 0 0 0
17365 100160258 0 0 100160258 0 0 0 0 0 0 0 0 0
17366 100160258 1 1 100160258 0 0 0 0 0 0 0 0 0
17367 100160258 0 0 0 0 0 100160258 0 0 0 0 0 0
17368 100160258 0 0 0 0 0 100160258 0 0 0 0 0 0
17369 100160258 0 0 0 0 0 100160258 0 0 0 0 0 0
17370 100160258 0 0 0 0 0 100160258 0 0 0 0 0 0
17371 100160258 0 0 0 0 0 100160258 0 0 0 0 0 0
17372 100160258 0 0 0 0 0 100160258 0 0 0 0 0 0
17373 100160258 0 0 0 0 0 100160258 0 0 0 0 0 0
17374 100160258 0 0 0 0 0 100160258 0 0 0 0 0 0
17375 100160258 0 0 0 0 0 100160258 0 0 0 0 0 0
17376 100160258 0 0 0 0 0 100160258 0 0 0 0 0 0
17377 100160258 0 0 0 0 0 0 0 0 0 0 0 0
17378 100160258 0 0 0 0 0 0 0 0 0 0 0 0
17379 100160258 0 0 0 0 0 0 0 0 0 0 0 0
17380 100160258 0 0 0 0 0 0 0 0 0 0 0 0
17382 100160258 1 1 0 0 0 0 0 0 0 0 0 0
17383 100160258 0 0 0 0 0 100160258 0 0 0 0 0 0
17385 100160258 0 0 0 0 0 0 0 0 0 0 0 0
17386 100160258 0 0 100160258 0 0 0 0 0 0 0 0 0
17387 100160258 0 0 0 0 0 0 0 0 0 0 0 0
17388 100160258 0 0 100160258 0 0 0 0 0 0 0 0 0
17390 100160258 0 0 0 0 0 0 0 0 0 0 0 0
17391 100160258 0 0 0 0 0 0 0 0 0 0 0 0
17392 100160258 0 0 0 0 0 0 0 0 0 0 0 0
17393 100160258 0 0 0 0 0 0 0 0 0 0 0 0
17394 100160258 0 0 0 0 0 0 0 0 0 0 0 0
17395 100160258 0 0 0 0 0 0 0 0 0 0 0 0
17397 100160258 0 0 0 0 0 0 0 0 0 0 0 0
17399 300320517 0 0 0 0 0 0 0 0 300320517 160260 0 0
17400 200160259 0 0 200160259 0 0 200160259 0 0 0 0 0 0
17401 200160259 0 0 0 0 0 0 0 0 0 0 0 0
17402 200160259 0 0 0 0 0 0 0 0 0 0 0 0
17405 100160258 0 0 0 0 0 0 0 0 0 0 0 0
17407 100160258 0 0 0 0 0 0 0 0 0 0 0 0
17408 100160258 0 0 0 0 0 0 0 0 0 0 0 0
17409 100160258 0 0 0 0 0 0 0 0 0 0 0 0
17410 100160258 1 1 0 0 0 0 0 0 0 0 0 0
17411 100160258 0 0 0 0 0 0 0 0 0 0 0 0
17412 100160258 0 0 0 0 0 0 0 0 0 0 0 0
17414 100160258 0 0 100160258 0 0 0 0 0 0 0 0 0
17415 100160258 0 0 100160258 1 1 0 0 0 0 0 100160258 160259
17418 100160259 0 0 0 0 0 0 0 0 0 0 0 0
17419 100160259 0 0 0 0 0 0 0 0 0 0 0 0
17421 100160259 0 0 100160259 0 0 0 0 0 0 0 0 0
17422 100160259 0 0 100160259 0 0 0 0 0 0 0 0 0
17423 100160259 0 0 100160259 0 0 0 0 0 0 0 0 0
17424 100160259 0 0 100160259 0 0 0 0 0 0 0 0 0
17425 100160259 0 0 0 0 0 100160259 0 0 0 0 0 0
17426 100160259 0 0 0 0 0 100160259 0 0 0 0 0 0
17427 100160259 0 0 0 0 0 100160259 0 0 0 0 0 0
17428 100160259 1 1 0 0 0 100160259 0 0 0 0 0 0
17429 100160259 0 0 100160259 0 0 0 0 0 0 0 0 0
17430 100160259 0 0 100160259 0 0 0 0 0 0 0 0 0
17432 100160259 0 0 0 0 0 100160259 0 0 0 0 0 0
17433 100160259 0 0 0 0 0 100160259 0 0 0 0 0 0
17434 100160259 0 0 100160259 0 0 0 0 0 0 0 0 0
17436 100160259 0 0 0 0 0 0 0 0 0 0 0 0
17437 100160259 0 0 0 0 0 0 0 0 100160259 1 0 0
17439 100160258 0 0 0 0 0 0 0 0 0 0 0 0
17441 100160258 0 0 100160258 0 0 0 0 0 0 0 0 0
17442 100160258 0 0 100160258 0 0 0 0 0 0 0 100160258 320515
18243 1 1 1 1 0 0 0 0 0 0 0 0 0
18244 1 0 0 0 0 0 0 0 0 0 0 0 0
18245 1 0 0 0 0 0 1 0 0 0 0 0 0
18246 1 0 0 0 0 0 1 0 0 0 0 0 0
18247 1 0 0 0 0 0 1 0 0 0 0 0 0
18248 1 0 0 1 0 0 0 0 0 0 0 0 0
18249 1 0 0 1 0 0 0 0 0 0 0 0 0
18250 1 1 1 0 0 0 1 1 0 0 0 0 0
18251 1 0 0 0 0 0 0 0 0 0 0 0 0
18252 1 0 0 0 0 0 0 0 0 0 0 0 0
18253 1 0 0 0 0 0 1 1 1 0 0 0 0
18254 1 0 0 0 0 0 0 0 0 0 0 0 0
18256 1 0 0 1 0 0 0 0 0 0 0 0 0
18257 1 0 0 1 1 1 0 0 0 0 0 1 1
18919 100000000 1 1 0 0 0 100000000 0 0 0 0 0 0
18920 100000000 0 0 100000000 0 0 0 0 0 0 0 0 0
18921 100000000 0 0 0 0 0 100000000 0 0 0 0 0 0
18922 100000000 0 0 100000000 0 0 0 0 0 0 0 0 0
18924 100000000 0 0 100000000 0 0 0 0 0 0 0 0 0
18925 100000000 0 0 100000000 0 0 0 0 0 0 0 100000000 1
fl=/home/matt/Varsity/Treatise/Work/Virtual Machines/Table Only//templates/dispatch
fn=???
2 1 0 0 1 0 0 0 0 0 0 0 0 0
3 1 0 0 1 1 1 0 0 0 0 0 1 1
fl=/home/matt/Varsity/Treatise/Work/Virtual Machines/Table Only//vm.asm
fn=???
20 1 1 1 0 0 0 0 0 0 0 0 0 0
21 1 0 0 0 0 0 1 0 0 0 0 0 0
23 1 0 0 0 0 0 0 0 0 0 0 0 0
24 1 0 0 0 0 0 0 0 0 1 0 0 0
27 1 0 0 0 0 0 0 0 0 0 0 0 0
30 1 0 0 1 0 0 0 0 0 0 0 0 0
32 1 0 0 0 0 0 0 0 0 0 0 0 0
33 1 0 0 0 0 0 0 0 0 0 0 0 0
34 1 0 0 0 0 0 0 0 0 0 0 0 0
35 1 0 0 0 0 0 0 0 0 0 0 0 0
36 1 0 0 0 0 0 0 0 0 0 0 0 0
38 1 0 0 0 0 0 0 0 0 0 0 0 0
39 1 0 0 0 0 0 0 0 0 0 0 0 0
40 1 1 1 0 0 0 0 0 0 0 0 0 0
41 1 0 0 0 0 0 1 0 0 0 0 0 0
42 1 0 0 0 0 0 1 0 0 0 0 0 0
43 1 0 0 0 0 0 1 0 0 0 0 0 0
44 1 0 0 0 0 0 0 0 0 0 0 0 0
45 1 0 0 1 0 0 0 0 0 0 0 0 0
46 1 0 0 0 0 0 0 0 0 0 0 0 0
47 1 0 0 0 0 0 0 0 0 0 0 0 0
48 1 0 0 0 0 0 1 0 0 0 0 0 0
49 1 0 0 0 0 0 0 0 0 0 0 0 0
50 1 0 0 0 0 0 0 0 0 0 0 0 0
51 1 0 0 0 0 0 0 0 0 0 0 0 0
52 1 0 0 0 0 0 1 0 0 0 0 0 0
56 1 0 0 0 0 0 0 0 0 0 0 0 0
70 1 1 0 0 0 0 0 0 0 0 0 0 0
71 1 0 0 0 0 0 1 0 0 0 0 0 0
fl=???
fn=(below main)
0 58 4 4 17 2 0 16 0 0 7 0 2 2
fn=???
0 300320729 26 18 300320626 7 0 36 1 1 11 5 300320590 25
fn=_Exit
0 8 2 2 1 0 0 0 0 0 0 0 0 0
fn=_IO_cleanup
0 100 8 8 30 1 0 17 0 0 21 11 1 1
fn=_IO_default_finish
0 19 3 3 7 0 0 2 0 0 4 3 0 0
fn=_IO_default_setbuf
0 38 4 4 8 0 0 14 0 0 4 2 1 1
fn=_IO_default_xsputn
0 15944896 3 3 3291328 0 0 2779584 0 0 2523712 304328 0 0
fn=_IO_do_write@@GLIBC_2.2.5
0 13942812 5 5 4021965 0 0 2949441 1 0 1876917 12270 268131 1
fn=_IO_doallocbuf
0 36 2 2 16 0 0 8 0 0 6 4 2 1
fn=_IO_file_close
0 2 1 1 1 0 0 0 0 0 0 0 0 0
fn=_IO_file_close_it@@GLIBC_2.2.5
0 48 4 4 10 0 0 16 0 0 4 2 1 1
fn=_IO_file_doallocate
0 102 5 4 22 2 0 14 1 0 12 2 2 1
fn=_IO_file_finish@@GLIBC_2.2.5
0 8 2 2 2 0 0 1 0 0 1 1 0 0
fn=_IO_file_fopen@@GLIBC_2.2.5
0 76 9 9 13 1 1 11 0 0 15 5 0 0
fn=_IO_file_init@@GLIBC_2.2.5
0 13 2 2 4 0 0 5 0 0 0 0 0 0
fn=_IO_file_overflow@@GLIBC_2.2.5
0 6168615 8 8 1670089 0 0 841182 1 0 1133825 63395 0 0
fn=_IO_file_read
0 4 1 1 2 0 0 0 0 0 1 1 0 0
fn=_IO_file_seek
0 4 1 1 2 0 0 0 0 0 0 0 0 0
fn=_IO_file_seekoff@@GLIBC_2.2.5
0 213 16 16 61 0 0 39 0 0 36 13 4 4
fn=_IO_file_setbuf@@GLIBC_2.2.5
0 15 1 1 3 0 0 8 0 0 1 0 0 0
fn=_IO_file_stat
0 12 1 1 3 0 0 0 0 0 0 0 0 0
fn=_IO_file_sync@@GLIBC_2.2.5
0 13 3 3 6 0 0 2 0 0 2 1 0 0
fn=_IO_file_write@@GLIBC_2.2.5
0 9652716 2 2 2145048 0 0 1340655 0 0 1340655 6 0 0
fn=_IO_file_xsgetn
0 33 4 4 10 0 0 6 0 0 3 1 0 0
fn=_IO_file_xsputn@@GLIBC_2.2.5
0 9805918917 6 6 2101023488 0 0 1600413910 0 0 1100925654 169083 255872 2
fn=_IO_flush_all_lockp
0 96 8 8 27 6 2 13 0 0 22 15 1 1
fn=_IO_link_in
0 85 9 9 30 3 2 16 0 0 18 10 0 0
fn=_IO_no_init
0 33 3 3 5 0 0 20 2 2 1 0 0 0
fn=_IO_old_init
0 25 3 3 2 0 0 19 2 2 1 0 0 0
fn=_IO_seekoff_unlocked
0 47 2 2 11 1 0 3 0 0 10 3 3 1
fn=_IO_setb
0 76 1 1 19 0 0 18 0 0 4 3 0 0
fn=_IO_sgetn
0 3 1 1 2 0 0 0 0 0 0 0 1 1
fn=_IO_un_link
0 91 11 11 32 0 0 15 0 0 20 11 0 0
fn=_IO_unsave_markers
0 7 2 2 3 0 0 0 0 0 2 2 0 0
fn=__GI_memcpy
0 183 5 5 161 21 19 159 19 19 165 10 0 0
fn=__GI_mempcpy
0 4083013723 3 3 496040609 0 0 296089526 42 42 1199706498 94723828 0 0
fn=__GI_strstr
0 24 6 6 9 1 1 6 0 0 2 2 0 0
fn=__call_tls_dtors
0 12 3 3 5 0 0 4 0 0 1 1 0 0
fn=__close_nocancel
0 5 1 1 1 0 0 0 0 0 1 0 0 0
fn=__ctype_init
0 16 2 2 10 1 0 3 0 0 0 0 0 0
fn=__cxa_atexit
0 22 2 2 5 0 0 8 0 0 1 0 0 0
fn=__cxa_finalize
0 46 4 4 12 2 0 6 0 0 7 2 0 0
fn=__default_morecore
0 14 1 1 2 0 0 2 1 0 0 0 0 0
fn=__fopen_internal
0 39 3 3 4 0 0 10 1 1 2 0 0 0
fn=__fopen_maybe_mmap
0 4 1 1 2 0 0 0 0 0 1 1 0 0
fn=__init_cpu_features
0 79 9 9 9 2 2 13 0 0 13 5 1 1
fn=__init_misc
0 24 2 2 7 0 0 5 1 0 2 0 0 0
fn=__libc_csu_init
0 34 3 3 8 1 0 8 0 0 2 0 1 1
fn=__libc_memalign
0 535 4 4 104 0 0 102 1 1 60 20 0 0
fn=__linkin_atfork
0 9 2 2 4 2 0 1 0 0 2 1 0 0
fn=__lseek_nocancel
0 10 0 0 2 0 0 0 0 0 2 0 0 0
fn=__new_exitfn
0 38 6 6 11 5 3 5 0 0 7 6 0 0
fn=__open_nocancel
0 5 1 1 1 0 0 0 0 0 1 0 0 0
fn=__overflow
0 73554 2 2 36777 0 0 0 0 0 12259 2 12259 1
fn=__read_nocancel
0 5 0 0 1 0 0 0 0 0 1 1 0 0
fn=__run_exit_handlers
0 56 5 5 9 3 0 10 0 0 9 2 2 2
fn=__sigjmp_save
0 9 0 0 2 0 0 2 0 0 1 1 0 0
fn=__sigsetjmp
0 79 4 4 19 0 0 32 1 1 0 0 0 0
fn=__tls_get_addr
0 11 2 2 7 2 0 0 0 0 2 0 0 0
fn=__unregister_atfork
0 13 1 1 5 0 0 1 0 0 3 2 0 0
fn=__write_nocancel
0 1340655 0 0 268131 0 0 0 0 0 268131 0 0 0
fn=_dl_add_to_namespace_list
0 103 2 2 29 0 0 23 0 0 8 5 6 2
fn=_dl_add_to_slotinfo
0 24 2 2 9 3 0 6 0 0 1 0 0 0
fn=_dl_addr
0 56044 10 10 13650 1012 858 17 1 0 12809 1988 2 2
fn=_dl_allocate_tls_init
0 78 6 6 25 2 0 13 0 0 8 2 0 0
fn=_dl_allocate_tls_storage
0 323 3 3 7 0 0 296 37 37 290 10 0 0
fn=_dl_cache_libcmp
0 735 4 4 112 10 10 0 0 0 203 35 0 0
fn=_dl_catch_error
0 120 4 4 33 0 0 60 6 6 3 0 6 3
fn=_dl_check_all_versions
0 75 2 2 13 0 0 8 0 0 9 3 0 0
fn=_dl_check_map_versions
0 1233 13 13 403 6 6 167 13 13 146 53 0 0
fn=_dl_count_modids
0 4 1 1 3 0 0 0 0 0 1 0 0 0
fn=_dl_debug_initialize
0 41 3 3 13 2 1 4 0 0 12 11 0 0
fn=_dl_debug_state
0 2 0 0 2 0 0 0 0 0 0 0 0 0
fn=_dl_determine_tlsoffset
0 56 5 5 11 0 0 8 0 0 4 1 0 0
fn=_dl_discover_osversion
0 80 5 5 14 1 1 7 1 1 14 8 0 0
fn=_dl_find_dso_for_object
0 30 3 3 12 0 0 0 0 0 11 5 0 0
fn=_dl_fini
0 257 10 10 88 17 0 36 3 0 48 10 6 6
fn=_dl_fixup
0 883 6 6 348 36 5 110 0 0 99 12 0 0
fn=_dl_important_hwcaps
0 259 18 18 51 0 0 44 2 2 31 14 0 0
fn=_dl_init
0 86 5 5 24 1 0 12 0 0 12 5 0 0
fn=_dl_init_paths
0 91 10 10 14 0 0 33 2 2 7 3 0 0
fn=_dl_initial_error_catch_tsd
0 8 0 0 4 0 0 0 0 0 0 0 0 0
fn=_dl_load_cache_lookup
0 323 15 15 58 9 9 32 0 0 56 9 0 0
fn=_dl_lookup_symbol_x
0 19721 10 10 4264 104 90 2473 9 0 2322 161 0 0
fn=_dl_map_object
0 415 26 26 86 0 0 67 4 4 68 22 0 0
fn=_dl_map_object_deps
0 1082 37 37 224 1 1 124 1 1 233 50 0 0
fn=_dl_map_object_from_fd
0 1729 49 49 363 17 17 199 22 22 336 94 0 0
fn=_dl_name_match_p
0 1535 3 3 397 3 0 228 1 1 229 39 0 0
fn=_dl_new_object
0 605 15 15 106 4 4 115 26 26 90 43 0 0
fn=_dl_next_ld_env_entry
0 343 2 2 118 25 25 1 0 0 114 21 0 0
fn=_dl_next_tls_modid
0 6 1 1 3 0 0 1 0 0 1 0 0 0
fn=_dl_receive_error
0 28 2 2 10 0 0 12 0 0 0 0 2 2
fn=_dl_relocate_object
0 18882 51 51 5173 672 616 2418 253 241 2789 144 111 13
fn=_dl_runtime_resolve
0 319 4 4 99 0 0 88 0 0 0 0 11 11
fn=_dl_setup_hash
0 88 2 2 28 5 5 24 0 0 4 0 0 0
fn=_dl_sort_fini
0 170 6 6 51 1 0 20 0 0 27 8 0 0
fn=_dl_start
0 620 16 16 128 25 23 55 18 17 110 30 7 1
fn=_dl_sysdep_read_whole_file
0 41 3 3 6 1 1 9 0 0 3 1 0 0
fn=_dl_sysdep_start
0 483 16 15 128 19 17 41 5 5 105 23 18 14
fn=_dl_sysdep_start_cleanup
0 1 1 0 1 0 0 0 0 0 0 0 0 0
fn=_dl_unload_cache
0 10 2 1 3 1 0 2 0 0 1 1 0 0
fn=_dl_vdso_vsym
0 24 2 2 12 1 0 0 0 0 4 4 0 0
fn=_fxstat
0 60 2 2 6 0 0 0 0 0 12 0 0 0
fn=_init
0 60 5 5 14 2 0 18 4 3 4 2 0 0
fn=_int_malloc
0 5208334496 49 49 1402243741 6 3 701121990 4 4 801282206 76 2 2
fn=_itoa_word
0 12379152160 3 3 1048262680 1 1 948262680 0 0 1048262680 100023215 0 0
fn=_setjmp
0 2 1 1 0 0 0 0 0 0 0 0 0 0
fn=_start
0 11 1 1 1 0 0 3 0 0 0 0 0 0
fn=access
0 9 1 1 1 0 0 1 0 0 1 1 0 0
fn=bcmp
0 1041 12 12 244 11 11 76 3 3 182 59 0 0
fn=brk
0 47 3 3 7 0 0 4 1 1 8 0 0 0
fn=call_init.part.0
0 155 4 4 58 4 0 28 0 0 17 3 4 4
fn=calloc
0 64 1 1 0 0 0 0 0 0 8 8 0 0
fn=check_match.isra.0
0 5440 7 6 1904 44 16 613 5 0 809 27 0 0
fn=close
0 15 1 1 3 0 0 0 0 0 3 0 0 0
fn=dl_main
0 1056 73 73 213 24 18 140 17 17 213 82 1 1
fn=do_lookup_x
0 27045 17 17 9443 203 134 4190 9 0 3917 292 0 0
fn=do_preload
0 28 3 3 7 0 0 8 0 0 1 1 0 0
fn=exit
0 4 1 1 0 0 0 1 0 0 0 0 0 0
fn=fclose@@GLIBC_2.2.5
0 65 8 8 26 2 0 9 0 0 15 8 1 1
fn=fopen@@GLIBC_2.2.5
0 2 1 1 0 0 0 0 0 0 0 0 0 0
fn=fread
0 52 6 6 18 0 0 7 0 0 10 5 0 0
fn=free
0 7211538748 15 15 1903044948 0 0 701121825 0 0 1602564170 25 0 0
fn=fseek
0 78 4 4 30 0 0 8 0 0 16 10 0 0
fn=ftell
0 41 6 6 15 0 0 4 0 0 10 7 0 0
fn=gettimeofday
0 14 1 1 1 0 0 5 0 0 0 0 0 0
fn=handle_intel.isra.0
0 94 5 5 14 0 0 26 0 0 6 2 0 0
fn=index
0 163 5 5 21 2 2 0 0 0 12 4 0 0
fn=init_cacheinfo
0 147 8 8 6 0 0 12 1 1 24 8 0 0
fn=init_tls
0 65 4 4 14 0 0 13 1 1 12 6 0 0
fn=intel_check_word
0 904 10 10 82 6 6 16 0 0 236 57 0 0
fn=isatty
0 8 1 1 1 0 0 1 1 0 0 0 0 0
fn=lseek
0 4 1 1 2 0 0 0 0 0 2 0 0 0
fn=malloc
0 3305288679 4 4 1101762876 2 0 300480785 0 0 701121828 34 1 1
fn=malloc_consolidate
0 651 4 4 3 0 0 257 32 32 129 10 0 0
fn=malloc_hook_ini
0 38 4 4 12 3 1 5 0 0 8 6 0 0
fn=map_doit
0 14 1 1 5 0 0 3 0 0 0 0 0 0
fn=match_symbol
0 356 5 5 140 14 14 36 0 0 92 12 0 0
fn=memcpy
0 390 6 6 59 0 0 46 8 8 102 58 0 0
fn=memcpy@GLIBC_2.2.5
0 17 2 2 4 0 0 0 0 0 3 0 0 0
fn=mempcpy
0 143 5 5 21 1 1 16 3 3 38 20 0 0
fn=memset
0 2510 1 1 11 0 0 2444 39 39 2455 54 0 0
fn=mmap
0 66 3 3 11 0 0 0 0 0 11 0 0 0
fn=mprotect
0 30 1 1 6 0 0 0 0 0 6 0 0 0
fn=munmap
0 10 0 0 2 0 0 0 0 0 2 0 0 0
fn=open
0 17 2 2 4 0 0 0 0 0 4 0 0 0
fn=open_verify
0 409 12 12 88 6 6 42 2 2 71 22 0 0
fn=openaux
0 34 2 2 16 0 0 6 0 0 0 0 0 0
fn=printf
0 2100000000 4 4 300000000 1 0 1000000000 0 0 100000000 3 0 0
fn=ptmalloc_init.part.8
0 385 7 7 126 40 1 15 4 2 117 21 0 0
fn=read
0 12 2 2 3 0 0 0 0 0 3 0 0 0
fn=rindex
0 24 2 2 2 1 0 0 0 0 3 0 0 0
fn=rtld_lock_default_lock_recursive
0 10 1 1 10 2 1 0 0 0 0 0 0 0
fn=rtld_lock_default_unlock_recursive
0 10 0 0 10 1 0 0 0 0 0 0 0 0
fn=sbrk
0 69 4 4 20 2 0 11 0 0 13 4 0 0
fn=strcasecmp
0 7 2 2 3 1 1 1 0 0 2 1 0 0
fn=strchrnul
0 4000000000 2 2 400000000 0 0 0 0 0 400000000 0 0 0
fn=strcmp
0 11936 1 1 3582 36 17 0 0 0 3220 249 0 0
fn=strdup
0 34 1 1 4 0 0 8 0 0 2 0 0 0
fn=strlen
0 610 4 4 71 0 0 0 0 0 153 39 0 0
fn=strncasecmp
0 6 2 2 3 0 0 0 0 0 2 2 0 0
fn=strsep
0 800 2 2 250 0 0 1 0 0 248 15 0 0
fn=tcgetattr
0 15 3 3 2 0 0 1 0 0 1 1 0 0
fn=time
0 14 2 2 1 0 0 5 0 0 0 0 0 0
fn=uname
0 5 1 1 1 0 0 0 0 0 1 0 0 0
fn=version_check_doit
0 10 1 1 4 0 0 2 0 0 1 1 0 0
fn=vfprintf
0 31450009784 48 48 9049998363 9 4 6749982831 9 2 5200012258 100018411 400000000 4
fn=write
0 536262 1 1 268131 0 0 0 0 0 268131 0 0 0
summary: 125306050230 1084 1070 44119445130 2498 1988 20409252559 703 644 13211820519 345837883 6401505120 1502144873
