desc: I1 cache:         32768 B, 64 B, 8-way associative
desc: D1 cache:         32768 B, 64 B, 8-way associative
desc: LL cache:         3145728 B, 64 B, 12-way associative
cmd: ./vm ../Common/a.out
events: Ir I1mr ILmr Dr D1mr DLmr Dw D1mw DLmw Bc Bcm Bi Bim
fl=/home/matt/Varsity/Treatise/Work/Virtual Machines/Register Mapped/../Common/utility.c
fn=file_to_memory
45 4 1 1 0 0 0 2 0 0 0 0 0 0
46 5 1 1 1 0 0 2 2 0 0 0 0 0
47 2 0 0 1 0 0 0 0 0 1 1 0 0
50 5 0 0 1 0 0 1 0 0 0 0 0 0
51 4 0 0 1 0 0 2 0 0 0 0 0 0
52 5 1 1 1 0 0 1 0 0 0 0 0 0
54 6 0 0 1 0 0 2 0 0 0 0 0 0
56 12 1 1 4 0 0 1 0 0 1 1 0 0
62 3 0 0 1 0 0 1 0 0 0 0 0 0
63 5 0 0 2 0 0 1 0 0 0 0 0 0
64 1 0 0 1 0 0 0 0 0 0 0 0 0
65 2 0 0 2 0 0 0 0 0 0 0 0 0
fn=main
7 5 1 1 0 0 0 3 0 0 0 0 0 0
8 7 0 0 3 1 0 1 0 0 0 0 0 0
fn=print_int
19 400000000 1 1 0 0 0 200000000 0 0 0 0 0 0
20 500000000 0 0 100000000 0 0 100000000 0 0 0 0 0 0
21 300000000 0 0 200000000 0 0 0 0 0 0 0 0 0
fl=/home/matt/Varsity/Treatise/Work/Virtual Machines/Register Mapped//codetable.asm
fn=???
2239 100000368 1 1 0 0 0 0 0 0 0 0 0 0
2241 100000368 0 0 100000368 0 0 0 0 0 0 0 0 0
2242 100000368 0 0 100000368 0 0 0 0 0 0 0 100000368 1
2294 100000368 0 0 0 0 0 0 0 0 0 0 0 0
2296 100000368 0 0 100000368 0 0 0 0 0 0 0 0 0
2297 100000368 0 0 100000368 1 1 0 0 0 0 0 100000368 1
2304 623 1 1 0 0 0 0 0 0 0 0 0 0
2306 623 0 0 623 0 0 0 0 0 0 0 0 0
2307 623 0 0 623 1 1 0 0 0 0 0 623 1
2383 300000368 1 1 300000368 0 0 0 0 0 0 0 0 0
2384 300000368 0 0 300000368 0 0 0 0 0 0 0 0 0
2385 300000368 0 0 0 0 0 0 0 0 0 0 0 0
2386 300000368 0 0 0 0 0 0 0 0 0 0 0 0
2388 300000368 0 0 300000368 0 0 0 0 0 0 0 0 0
2389 300000368 0 0 300000368 0 0 0 0 0 0 0 300000368 200000001
2399 100000991 0 0 100000991 0 0 0 0 0 0 0 0 0
2400 100000991 0 0 100000991 0 0 0 0 0 0 0 0 0
2401 100000991 0 0 0 0 0 0 0 0 0 0 0 0
2402 100000991 0 0 0 0 0 0 0 0 0 0 0 0
2404 100000991 0 0 100000991 0 0 0 0 0 0 0 0 0
2405 100000991 0 0 100000991 2 2 0 0 0 0 0 100000991 2
2407 623 1 1 623 0 0 0 0 0 0 0 0 0
2408 623 0 0 623 0 0 0 0 0 0 0 0 0
2409 623 0 0 0 0 0 0 0 0 0 0 0 0
2410 623 1 1 0 0 0 0 0 0 0 0 0 0
2412 623 0 0 623 0 0 0 0 0 0 0 0 0
2413 623 0 0 623 1 1 0 0 0 0 0 623 1
2843 623 1 1 623 0 0 0 0 0 0 0 0 0
2844 623 0 0 623 0 0 0 0 0 0 0 0 0
2845 623 0 0 0 0 0 0 0 0 0 0 0 0
2846 623 1 1 0 0 0 0 0 0 0 0 0 0
2848 623 0 0 623 0 0 0 0 0 0 0 0 0
2849 623 0 0 623 1 1 0 0 0 0 0 623 1
3418 100000000 1 1 100000000 0 0 0 0 0 0 0 0 0
3419 100000000 0 0 100000000 0 0 0 0 0 0 0 0 0
3420 100000000 0 0 0 0 0 0 0 0 0 0 0 0
3421 100000000 0 0 0 0 0 0 0 0 0 0 0 0
3422 100000000 0 0 0 0 0 0 0 0 0 0 0 0
3423 100000000 0 0 0 0 0 0 0 0 0 0 0 0
3424 100000000 0 0 0 0 0 0 0 0 0 0 0 0
3426 100000000 0 0 0 0 0 0 0 0 0 0 0 0
3428 100000000 0 0 0 0 0 0 0 0 0 0 0 0
3429 100000000 0 0 0 0 0 0 0 0 0 0 0 0
3430 100000000 0 0 0 0 0 0 0 0 0 0 0 0
3432 100000000 0 0 100000000 0 0 0 0 0 0 0 0 0
3433 100000000 0 0 100000000 0 0 0 0 0 0 0 100000000 1
3452 200000736 1 1 200000736 0 0 0 0 0 0 0 0 0
3453 200000736 0 0 200000736 0 0 0 0 0 0 0 0 0
3454 200000736 0 0 0 0 0 0 0 0 0 0 0 0
3455 200000736 0 0 0 0 0 0 0 0 0 0 0 0
3456 200000736 0 0 0 0 0 0 0 0 0 0 0 0
3457 200000736 0 0 0 0 0 0 0 0 0 0 0 0
3458 200000736 1 1 0 0 0 0 0 0 0 0 0 0
3460 200000736 0 0 0 0 0 0 0 0 0 0 0 0
3462 200000736 0 0 0 0 0 0 0 0 0 0 0 0
3463 200000736 0 0 0 0 0 0 0 0 0 0 0 0
3464 200000736 0 0 0 0 0 0 0 0 0 0 0 0
3466 200000736 0 0 200000736 0 0 0 0 0 0 0 0 0
3467 200000736 0 0 200000736 1 1 0 0 0 0 0 200000736 100000368
3768 200000736 0 0 200000736 0 0 0 0 0 0 0 0 0
3769 200000736 0 0 200000736 0 0 0 0 0 0 0 0 0
3770 200000736 0 0 0 0 0 0 0 0 0 0 0 0
3771 200000736 0 0 0 0 0 0 0 0 0 0 0 0
3773 200000736 0 0 200000736 0 0 0 0 0 0 0 0 0
3774 200000736 0 0 200000736 2 2 0 0 0 0 0 200000736 200000736
3776 300000368 0 0 300000368 0 0 0 0 0 0 0 0 0
3777 300000368 0 0 300000368 0 0 0 0 0 0 0 0 0
3778 300000368 0 0 0 0 0 0 0 0 0 0 0 0
3779 300000368 0 0 0 0 0 0 0 0 0 0 0 0
3781 300000368 0 0 300000368 0 0 0 0 0 0 0 0 0
3782 300000368 0 0 300000368 0 0 0 0 0 0 0 300000368 320514
3784 100000991 1 1 100000991 0 0 0 0 0 0 0 0 0
3785 100000991 1 1 100000991 0 0 0 0 0 0 0 0 0
3786 100000991 0 0 0 0 0 0 0 0 0 0 0 0
3787 100000991 0 0 0 0 0 0 0 0 0 0 0 0
3789 100000991 0 0 100000991 0 0 0 0 0 0 0 0 0
3790 100000991 0 0 100000991 1 1 0 0 0 0 0 100000991 2
3792 100000000 0 0 100000000 0 0 0 0 0 0 0 0 0
3793 100000000 0 0 100000000 0 0 0 0 0 0 0 0 0
3794 100000000 0 0 0 0 0 0 0 0 0 0 0 0
3795 100000000 0 0 0 0 0 0 0 0 0 0 0 0
3797 100000000 0 0 100000000 0 0 0 0 0 0 0 0 0
3798 100000000 0 0 100000000 0 0 0 0 0 0 0 100000000 1
4086 549995174 1 1 0 0 0 0 0 0 0 0 0 0
4088 549995174 0 0 549995174 0 0 0 0 0 0 0 0 0
4089 549995174 1 1 549995174 0 0 0 0 0 0 0 549995174 300069915
4146 623 1 1 0 0 0 0 0 0 0 0 0 0
4148 623 0 0 623 0 0 0 0 0 0 0 0 0
4149 623 0 0 623 1 1 0 0 0 0 0 623 1
4387 200000000 1 1 200000000 0 0 0 0 0 0 0 0 0
4388 200000000 0 0 0 0 0 0 0 0 0 0 0 0
4389 200000000 0 0 0 0 0 0 0 0 0 0 0 0
4390 200000000 0 0 0 0 0 0 0 0 0 0 0 0
4392 200000000 0 0 200000000 0 0 0 0 0 0 0 0 0
4393 200000000 0 0 200000000 0 0 0 0 0 0 0 200000000 1
4806 100000368 0 0 100000368 0 0 0 0 0 0 0 0 0
4807 100000368 0 0 0 0 0 0 0 0 0 0 0 0
4808 100000368 0 0 0 0 0 0 0 0 0 0 0 0
4809 100000368 0 0 0 0 0 0 0 0 0 0 0 0
4811 100000368 0 0 100000368 0 0 0 0 0 0 0 0 0
4812 100000368 0 0 100000368 0 0 0 0 0 0 0 100000368 1
4814 200000000 0 0 200000000 0 0 0 0 0 0 0 0 0
4815 200000000 0 0 0 0 0 0 0 0 0 0 0 0
4816 200000000 0 0 0 0 0 0 0 0 0 0 0 0
4817 200000000 0 0 0 0 0 0 0 0 0 0 0 0
4819 200000000 0 0 200000000 0 0 0 0 0 0 0 0 0
4820 200000000 0 0 200000000 0 0 0 0 0 0 0 200000000 100000000
4830 623 1 1 623 0 0 0 0 0 0 0 0 0
4831 623 1 1 0 0 0 0 0 0 0 0 0 0
4832 623 0 0 0 0 0 0 0 0 0 0 0 0
4833 623 0 0 0 0 0 0 0 0 0 0 0 0
4835 623 0 0 623 0 0 0 0 0 0 0 0 0
4836 623 0 0 623 1 1 0 0 0 0 0 623 1
5243 200000736 1 1 0 0 0 0 0 0 0 0 0 0
5245 200000736 0 0 200000736 0 0 0 0 0 0 0 0 0
5246 200000736 0 0 200000736 1 1 0 0 0 0 0 200000736 1
5268 100000368 1 1 0 0 0 0 0 0 0 0 0 0
5270 100000368 0 0 100000368 0 0 0 0 0 0 0 0 0
5271 100000368 0 0 100000368 0 0 0 0 0 0 0 100000368 1
5293 400000000 0 0 0 0 0 0 0 0 0 0 0 0
5295 400000000 0 0 400000000 0 0 0 0 0 0 0 0 0
5296 400000000 0 0 400000000 1 1 0 0 0 0 0 400000000 200000001
5298 100000368 1 1 0 0 0 0 0 0 0 0 0 0
5300 100000368 0 0 100000368 0 0 0 0 0 0 0 0 0
5301 100000368 0 0 100000368 0 0 0 0 0 0 0 100000368 1
5303 100000000 0 0 0 0 0 0 0 0 0 0 0 0
5305 100000000 0 0 100000000 0 0 0 0 0 0 0 0 0
5306 100000000 0 0 100000000 0 0 0 0 0 0 0 100000000 1
5323 623 1 1 0 0 0 0 0 0 0 0 0 0
5325 623 0 0 623 0 0 0 0 0 0 0 0 0
5326 623 0 0 623 1 1 0 0 0 0 0 623 1
5353 623 1 1 0 0 0 0 0 0 0 0 0 0
5355 623 0 0 623 0 0 0 0 0 0 0 0 0
5356 623 0 0 623 1 1 0 0 0 0 0 623 1
5404 300000736 1 1 0 0 0 0 0 0 0 0 0 0
5406 300000736 0 0 300000736 0 0 0 0 0 0 0 0 0
5407 300000736 0 0 300000736 1 1 0 0 0 0 0 300000736 320514
5509 200000736 1 1 0 0 0 0 0 0 0 0 0 0
5511 200000736 0 0 200000736 0 0 0 0 0 0 0 0 0
5512 200000736 0 0 200000736 1 1 0 0 0 0 0 200000736 1
5542 160259 1 1 160259 0 0 0 0 0 0 0 0 0
5543 160259 0 0 160259 0 0 0 0 0 0 0 0 0
5544 160259 0 0 0 0 0 0 0 0 0 0 0 0
5546 160259 0 0 160259 0 0 0 0 0 0 0 0 0
5547 160259 0 0 160259 1 1 0 0 0 0 0 160259 3
5549 3 0 0 3 0 0 0 0 0 0 0 0 0
5550 3 0 0 3 0 0 0 0 0 0 0 0 0
5551 3 0 0 0 0 0 0 0 0 0 0 0 0
5553 3 0 0 3 0 0 0 0 0 0 0 0 0
5554 3 1 1 3 3 3 0 0 0 0 0 3 3
5556 149995175 0 0 149995175 0 0 0 0 0 0 0 0 0
5557 149995175 0 0 149995175 0 0 0 0 0 0 0 0 0
5558 149995175 0 0 0 0 0 0 0 0 0 0 0 0
5560 149995175 0 0 149995175 0 0 0 0 0 0 0 0 0
5561 149995175 0 0 149995175 2 2 0 0 0 0 0 149995175 99989613
5615 100000001 1 1 100000001 0 0 0 0 0 0 0 0 0
5616 100000001 0 0 100000001 0 0 0 0 0 0 0 0 0
5618 100000001 0 0 100000001 0 0 0 0 0 0 0 0 0
5619 100000001 0 0 100000001 0 0 0 0 0 0 0 100000001 100000001
5646 100160258 1 1 100160258 0 0 0 0 0 0 0 0 0
5647 100160258 0 0 100160258 0 0 0 0 0 0 0 0 0
5649 100160258 0 0 100160258 0 0 0 0 0 0 0 0 0
5650 100160258 0 0 100160258 0 0 0 0 0 0 0 100160258 320515
5683 100000000 0 0 100000000 0 0 0 0 0 0 0 0 0
5684 100000000 0 0 0 0 0 100000000 0 0 0 0 0 0
5686 100000000 0 0 100000000 0 0 0 0 0 0 0 0 0
5687 100000000 0 0 100000000 1 1 0 0 0 0 0 100000000 1
5689 2 1 1 2 0 0 0 0 0 0 0 0 0
5690 2 0 0 0 0 0 2 0 0 0 0 0 0
5692 2 0 0 2 0 0 0 0 0 0 0 0 0
5693 2 0 0 2 1 1 0 0 0 0 0 2 1
5720 1 1 1 1 0 0 0 0 0 0 0 0 0
5721 1 0 0 0 0 0 1 0 0 0 0 0 0
5723 1 0 0 1 0 0 0 0 0 0 0 0 0
5724 1 0 0 1 0 0 0 0 0 0 0 1 1
6785 200000368 1 1 200000368 0 0 0 0 0 0 0 0 0
6787 200000368 0 0 200000368 0 0 0 0 0 0 0 0 0
6788 200000368 0 0 200000368 0 0 0 0 0 0 0 200000368 320514
7090 200000736 1 1 200000736 0 0 0 0 0 0 0 0 0
7092 200000736 0 0 200000736 0 0 0 0 0 0 0 0 0
7093 200000736 0 0 200000736 1 1 0 0 0 0 0 200000736 200000736
7245 623 1 1 623 0 0 0 0 0 0 0 0 0
7247 623 0 0 623 0 0 0 0 0 0 0 0 0
7248 623 0 0 623 1 1 0 0 0 0 0 623 1
8627 1 1 1 0 0 0 1 0 0 0 0 0 0
8629 1 0 0 1 0 0 0 0 0 0 0 0 0
8630 1 0 0 1 1 1 0 0 0 0 0 1 1
8752 100000368 1 1 0 0 0 100000368 0 0 0 0 0 0
8754 100000368 0 0 100000368 0 0 0 0 0 0 0 0 0
8755 100000368 0 0 100000368 0 0 0 0 0 0 0 100000368 100000368
9102 623 1 1 0 0 0 623 77 77 0 0 0 0
9104 623 0 0 623 0 0 0 0 0 0 0 0 0
9105 623 0 0 623 0 0 0 0 0 0 0 623 1
13034 300000368 1 1 300000368 0 0 0 0 0 0 0 0 0
13035 300000368 0 0 300000368 0 0 0 0 0 0 0 0 0
13036 300000368 0 0 0 0 0 0 0 0 0 0 0 0
13037 300000368 0 0 0 0 0 0 0 0 300000368 160264 0 0
13038 200000368 1 1 0 0 0 0 0 0 200000368 200182 0 0
13040 199679853 0 0 199679853 0 0 0 0 0 0 0 0 0
13041 199679853 0 0 0 0 0 0 0 0 0 0 0 0
13043 320515 0 0 320515 0 0 0 0 0 0 0 0 0
13044 320515 0 0 0 0 0 0 0 0 0 0 0 0
13046 100000000 0 0 100000000 0 0 0 0 0 0 0 0 0
13048 300000368 0 0 0 0 0 0 0 0 0 0 0 0
13050 300000368 0 0 300000368 0 0 0 0 0 0 0 0 0
13051 300000368 0 0 300000368 0 0 0 0 0 0 0 300000368 200160258
13072 623 1 1 623 0 0 0 0 0 0 0 0 0
13073 623 0 0 623 0 0 0 0 0 0 0 0 0
13074 623 0 0 0 0 0 0 0 0 0 0 0 0
13075 623 0 0 0 0 0 0 0 0 623 1 0 0
13076 623 0 0 0 0 0 0 0 0 623 1 0 0
13078 622 0 0 622 0 0 0 0 0 0 0 0 0
13079 622 0 0 0 0 0 0 0 0 0 0 0 0
13081 1 0 0 1 0 0 0 0 0 0 0 0 0
13082 1 0 0 0 0 0 0 0 0 0 0 0 0
13086 623 0 0 0 0 0 0 0 0 0 0 0 0
13088 623 0 0 623 0 0 0 0 0 0 0 0 0
13089 623 1 1 623 0 0 0 0 0 0 0 623 2
13091 100000368 0 0 100000368 0 0 0 0 0 0 0 0 0
13092 100000368 0 0 100000368 0 0 0 0 0 0 0 0 0
13093 100000368 0 0 0 0 0 0 0 0 0 0 0 0
13094 100000368 0 0 0 0 0 0 0 0 100000368 49998422 0 0
13095 50005562 0 0 0 0 0 0 0 0 50005562 14 0 0
13100 50005562 0 0 50005562 0 0 0 0 0 0 0 0 0
13101 50005562 0 0 0 0 0 0 0 0 0 0 0 0
13103 49994806 0 0 49994806 0 0 0 0 0 0 0 0 0
13105 100000368 0 0 0 0 0 0 0 0 0 0 0 0
13107 100000368 0 0 100000368 0 0 0 0 0 0 0 0 0
13108 100000368 0 0 100000368 0 0 0 0 0 0 0 100000368 50002102
13576 100160258 1 1 100160258 0 0 0 0 0 0 0 0 0
13577 100160258 0 0 0 0 0 0 0 0 0 0 0 0
13578 100160258 0 0 0 0 0 0 0 0 0 0 0 0
13579 100160258 0 0 100160258 0 0 0 0 0 0 0 0 0
13580 100160258 0 0 0 0 0 0 0 0 0 0 0 0
13581 100160258 0 0 0 0 0 0 0 0 0 0 0 0
13582 100160258 0 0 0 0 0 0 0 0 0 0 0 0
13584 100160258 0 0 0 0 0 100160258 0 0 0 0 0 0
13585 600961548 1 1 0 0 0 600961548 0 0 0 0 0 0
13586 100160258 0 0 0 0 0 100160258 0 0 0 0 0 0
13587 600961548 0 0 600961548 0 0 0 0 0 0 0 0 0
13588 100160258 0 0 100160258 0 0 0 0 0 0 0 0 0
13590 100160258 0 0 0 0 0 0 0 0 0 0 0 0
13591 100160258 0 0 0 0 0 100160258 0 0 0 0 0 0
13592 100160258 0 0 0 0 0 100160258 0 0 0 0 0 0
13593 100160258 0 0 0 0 0 100160258 0 0 0 0 0 0
13594 100160258 0 0 0 0 0 100160258 0 0 0 0 0 0
13595 100160258 0 0 0 0 0 100160258 0 0 0 0 0 0
13596 100160258 0 0 0 0 0 100160258 0 0 0 0 0 0
13597 100160258 0 0 0 0 0 100160258 0 0 0 0 0 0
13598 100160258 0 0 0 0 0 100160258 0 0 0 0 0 0
13599 100160258 0 0 0 0 0 100160258 0 0 0 0 0 0
13600 100160258 0 0 0 0 0 100160258 0 0 0 0 0 0
13601 100160258 1 1 0 0 0 0 0 0 0 0 0 0
13602 100160258 0 0 0 0 0 0 0 0 0 0 0 0
13603 100160258 0 0 0 0 0 0 0 0 0 0 0 0
13604 100160258 0 0 0 0 0 0 0 0 0 0 0 0
13606 100160258 0 0 0 0 0 0 0 0 0 0 0 0
13607 100160258 0 0 0 0 0 100160258 0 0 0 0 0 0
13609 100160258 0 0 0 0 0 0 0 0 0 0 0 0
13610 100160258 0 0 100160258 0 0 0 0 0 0 0 0 0
13611 100160258 0 0 0 0 0 0 0 0 0 0 0 0
13612 100160258 0 0 100160258 0 0 0 0 0 0 0 0 0
13614 100160258 0 0 0 0 0 0 0 0 0 0 0 0
13615 100160258 0 0 0 0 0 0 0 0 0 0 0 0
13616 100160258 0 0 0 0 0 0 0 0 0 0 0 0
13617 100160258 0 0 0 0 0 0 0 0 0 0 0 0
13618 100160258 0 0 0 0 0 0 0 0 0 0 0 0
13619 100160258 0 0 0 0 0 0 0 0 0 0 0 0
13621 100160258 0 0 0 0 0 0 0 0 0 0 0 0
13623 300320517 0 0 0 0 0 0 0 0 300320517 160260 0 0
13624 200160259 0 0 200160259 0 0 200160259 0 0 0 0 0 0
13625 200160259 0 0 0 0 0 0 0 0 0 0 0 0
13626 200160259 1 1 0 0 0 0 0 0 0 0 0 0
13629 100160258 0 0 0 0 0 0 0 0 0 0 0 0
13631 100160258 0 0 0 0 0 0 0 0 0 0 0 0
13632 100160258 0 0 0 0 0 0 0 0 0 0 0 0
13633 100160258 0 0 0 0 0 0 0 0 0 0 0 0
13634 100160258 0 0 0 0 0 0 0 0 0 0 0 0
13635 100160258 0 0 0 0 0 0 0 0 0 0 0 0
13636 100160258 0 0 0 0 0 0 0 0 0 0 0 0
13638 100160258 0 0 100160258 0 0 0 0 0 0 0 0 0
13639 100160258 0 0 100160258 1 1 0 0 0 0 0 100160258 1
13642 100160259 0 0 0 0 0 0 0 0 0 0 0 0
13643 100160259 0 0 0 0 0 0 0 0 0 0 0 0
13645 100160259 0 0 100160259 0 0 0 0 0 0 0 0 0
13646 100160259 0 0 100160259 0 0 0 0 0 0 0 0 0
13647 100160259 0 0 100160259 0 0 0 0 0 0 0 0 0
13648 100160259 0 0 100160259 0 0 0 0 0 0 0 0 0
13649 100160259 0 0 100160259 0 0 0 0 0 0 0 0 0
13650 100160259 1 1 100160259 0 0 0 0 0 0 0 0 0
13652 600961554 0 0 0 0 0 600961554 0 0 0 0 0 0
13653 100160259 0 0 0 0 0 100160259 0 0 0 0 0 0
13654 600961554 0 0 600961554 0 0 0 0 0 0 0 0 0
13656 100160259 0 0 0 0 0 0 0 0 0 0 0 0
13657 100160259 0 0 0 0 0 0 0 0 100160259 1 0 0
13659 100160258 0 0 0 0 0 0 0 0 0 0 0 0
13661 100160258 0 0 100160258 0 0 0 0 0 0 0 0 0
13662 100160258 0 0 100160258 0 0 0 0 0 0 0 100160258 320515
14407 1 1 1 0 0 0 0 0 0 0 0 0 0
14408 1 0 0 0 0 0 0 0 0 0 0 0 0
14409 6 1 1 0 0 0 6 0 0 0 0 0 0
14410 1 0 0 0 0 0 1 0 0 0 0 0 0
14411 6 0 0 6 0 0 0 0 0 0 0 0 0
14412 1 0 0 0 0 0 0 0 0 0 0 0 0
14413 1 0 0 0 0 0 0 0 0 0 0 0 0
14414 1 0 0 0 0 0 0 0 0 0 0 0 0
14415 1 0 0 0 0 0 1 1 1 0 0 0 0
14416 1 0 0 0 0 0 0 0 0 0 0 0 0
14418 1 0 0 1 0 0 0 0 0 0 0 0 0
14419 1 0 0 1 1 1 0 0 0 0 0 1 1
15043 600000000 1 1 0 0 0 600000000 0 0 0 0 0 0
15044 100000000 0 0 0 0 0 0 0 0 0 0 0 0
15045 100000000 0 0 0 0 0 100000000 0 0 0 0 0 0
15046 600000000 1 1 600000000 0 0 0 0 0 0 0 0 0
15048 100000000 0 0 100000000 0 0 0 0 0 0 0 0 0
15049 100000000 0 0 100000000 0 0 0 0 0 0 0 100000000 1
fl=/home/matt/Varsity/Treatise/Work/Virtual Machines/Register Mapped//templates/dispatch
fn=???
2 1 0 0 1 0 0 0 0 0 0 0 0 0
3 1 0 0 1 1 1 0 0 0 0 0 1 1
fl=/home/matt/Varsity/Treatise/Work/Virtual Machines/Register Mapped//vm.asm
fn=???
39 1 1 1 0 0 0 0 0 0 0 0 0 0
40 1 0 0 0 0 0 1 0 0 0 0 0 0
42 1 0 0 0 0 0 0 0 0 0 0 0 0
43 1 0 0 0 0 0 0 0 0 1 0 0 0
45 1 0 0 0 0 0 0 0 0 0 0 0 0
48 1 0 0 1 0 0 0 0 0 0 0 0 0
50 1 0 0 0 0 0 0 0 0 0 0 0 0
51 1 0 0 0 0 0 0 0 0 0 0 0 0
52 1 0 0 0 0 0 0 0 0 0 0 0 0
53 1 0 0 0 0 0 0 0 0 0 0 0 0
54 1 0 0 0 0 0 0 0 0 0 0 0 0
56 1 0 0 0 0 0 0 0 0 0 0 0 0
57 1 0 0 0 0 0 0 0 0 0 0 0 0
58 1 1 1 0 0 0 0 0 0 0 0 0 0
59 1 0 0 0 0 0 1 0 0 0 0 0 0
60 1 0 0 0 0 0 1 0 0 0 0 0 0
61 1 0 0 0 0 0 1 0 0 0 0 0 0
62 1 0 0 0 0 0 0 0 0 0 0 0 0
63 1 0 0 1 0 0 0 0 0 0 0 0 0
64 1 0 0 0 0 0 0 0 0 0 0 0 0
65 1 0 0 0 0 0 0 0 0 0 0 0 0
66 1 0 0 0 0 0 1 0 0 0 0 0 0
67 1 0 0 0 0 0 0 0 0 0 0 0 0
68 1 0 0 0 0 0 0 0 0 0 0 0 0
69 1 0 0 0 0 0 0 0 0 0 0 0 0
70 1 0 0 0 0 0 1 0 0 0 0 0 0
75 1 0 0 0 0 0 0 0 0 0 0 0 0
83 1 1 1 0 0 0 0 0 0 0 0 0 0
84 1 1 0 0 0 0 1 0 0 0 0 0 0
fl=???
fn=(below main)
0 58 4 4 17 2 0 16 0 0 7 0 2 2
fn=???
0 300320729 27 18 300320626 8 0 36 1 1 11 5 300320590 25
fn=_Exit
0 8 2 2 1 0 0 0 0 0 0 0 0 0
fn=_IO_cleanup
0 100 8 8 30 1 0 17 0 0 21 11 1 1
fn=_IO_default_finish
0 19 3 3 7 0 0 2 0 0 4 3 0 0
fn=_IO_default_setbuf
0 38 4 4 8 0 0 14 0 0 4 2 1 1
fn=_IO_default_xsputn
0 15944896 3 3 3291328 0 0 2779584 0 0 2523712 304328 0 0
fn=_IO_do_write@@GLIBC_2.2.5
0 13942812 5 5 4021965 0 0 2949441 0 0 1876917 12270 268131 1
fn=_IO_doallocbuf
0 36 2 2 16 0 0 8 1 0 6 4 2 1
fn=_IO_file_close
0 2 1 1 1 0 0 0 0 0 0 0 0 0
fn=_IO_file_close_it@@GLIBC_2.2.5
0 48 4 4 10 0 0 16 0 0 4 2 1 1
fn=_IO_file_doallocate
0 102 5 4 22 2 0 14 1 0 12 2 2 1
fn=_IO_file_finish@@GLIBC_2.2.5
0 8 2 2 2 0 0 1 0 0 1 1 0 0
fn=_IO_file_fopen@@GLIBC_2.2.5
0 76 9 9 13 1 1 11 0 0 15 5 0 0
fn=_IO_file_init@@GLIBC_2.2.5
0 13 2 2 4 0 0 5 0 0 0 0 0 0
fn=_IO_file_overflow@@GLIBC_2.2.5
0 6168615 8 8 1670089 0 0 841182 0 0 1133825 63395 0 0
fn=_IO_file_read
0 4 1 1 2 0 0 0 0 0 1 1 0 0
fn=_IO_file_seek
0 4 1 1 2 0 0 0 0 0 0 0 0 0
fn=_IO_file_seekoff@@GLIBC_2.2.5
0 213 16 16 61 0 0 39 0 0 36 13 4 4
fn=_IO_file_setbuf@@GLIBC_2.2.5
0 15 1 1 3 0 0 8 0 0 1 0 0 0
fn=_IO_file_stat
0 12 1 1 3 0 0 0 0 0 0 0 0 0
fn=_IO_file_sync@@GLIBC_2.2.5
0 13 3 3 6 0 0 2 0 0 2 1 0 0
fn=_IO_file_write@@GLIBC_2.2.5
0 9652716 2 2 2145048 0 0 1340655 0 0 1340655 6 0 0
fn=_IO_file_xsgetn
0 33 4 4 10 0 0 6 0 0 3 1 0 0
fn=_IO_file_xsputn@@GLIBC_2.2.5
0 9805918917 6 6 2101023488 0 0 1600413910 0 0 1100925654 169083 255872 2
fn=_IO_flush_all_lockp
0 96 8 8 27 6 2 13 0 0 22 15 1 1
fn=_IO_link_in
0 85 9 9 30 3 2 16 0 0 18 10 0 0
fn=_IO_no_init
0 33 3 3 5 0 0 20 2 2 1 0 0 0
fn=_IO_old_init
0 25 3 3 2 0 0 19 2 2 1 0 0 0
fn=_IO_seekoff_unlocked
0 47 2 2 11 1 0 3 0 0 10 3 3 1
fn=_IO_setb
0 76 1 1 19 0 0 18 1 0 4 3 0 0
fn=_IO_sgetn
0 3 1 1 2 0 0 0 0 0 0 0 1 1
fn=_IO_un_link
0 91 11 11 32 0 0 15 0 0 20 11 0 0
fn=_IO_unsave_markers
0 7 2 2 3 0 0 0 0 0 2 2 0 0
fn=__GI_memcpy
0 183 5 5 161 21 19 159 19 19 165 10 0 0
fn=__GI_mempcpy
0 4083013723 3 3 496040609 0 0 296089526 42 42 1199706498 94723828 0 0
fn=__GI_strstr
0 24 6 6 9 1 1 6 0 0 2 2 0 0
fn=__call_tls_dtors
0 12 3 3 5 0 0 4 0 0 1 1 0 0
fn=__close_nocancel
0 5 1 1 1 0 0 0 0 0 1 0 0 0
fn=__ctype_init
0 16 2 2 10 1 0 3 0 0 0 0 0 0
fn=__cxa_atexit
0 22 2 2 5 0 0 8 0 0 1 0 0 0
fn=__cxa_finalize
0 46 4 4 12 2 0 6 0 0 7 2 0 0
fn=__default_morecore
0 14 1 1 2 0 0 2 1 0 0 0 0 0
fn=__fopen_internal
0 39 3 3 4 0 0 10 1 1 2 0 0 0
fn=__fopen_maybe_mmap
0 4 1 1 2 0 0 0 0 0 1 1 0 0
fn=__init_cpu_features
0 79 9 9 9 2 2 13 0 0 13 5 1 1
fn=__init_misc
0 24 2 2 7 0 0 5 1 0 2 0 0 0
fn=__libc_csu_init
0 34 2 2 8 1 0 8 0 0 2 0 1 1
fn=__libc_memalign
0 535 4 4 104 0 0 102 1 1 60 20 0 0
fn=__linkin_atfork
0 9 2 2 4 2 0 1 0 0 2 1 0 0
fn=__lseek_nocancel
0 10 0 0 2 0 0 0 0 0 2 0 0 0
fn=__new_exitfn
0 38 6 6 11 5 3 5 0 0 7 6 0 0
fn=__open_nocancel
0 5 1 1 1 0 0 0 0 0 1 0 0 0
fn=__overflow
0 73554 2 2 36777 0 0 0 0 0 12259 2 12259 1
fn=__read_nocancel
0 5 0 0 1 0 0 0 0 0 1 1 0 0
fn=__run_exit_handlers
0 56 5 5 9 3 0 10 0 0 9 2 2 2
fn=__sigjmp_save
0 9 0 0 2 0 0 2 0 0 1 1 0 0
fn=__sigsetjmp
0 79 4 4 19 0 0 32 1 1 0 0 0 0
fn=__tls_get_addr
0 11 2 2 7 2 0 0 0 0 2 0 0 0
fn=__unregister_atfork
0 13 2 1 5 0 0 1 0 0 3 2 0 0
fn=__write_nocancel
0 1340655 0 0 268131 0 0 0 0 0 268131 0 0 0
fn=_dl_add_to_namespace_list
0 103 2 2 29 0 0 23 0 0 8 5 6 2
fn=_dl_add_to_slotinfo
0 24 2 2 9 3 0 6 0 0 1 0 0 0
fn=_dl_addr
0 56044 10 10 13650 1012 858 17 1 0 12809 1988 2 2
fn=_dl_allocate_tls_init
0 78 6 6 25 2 0 13 0 0 8 2 0 0
fn=_dl_allocate_tls_storage
0 323 3 3 7 0 0 296 37 37 290 10 0 0
fn=_dl_cache_libcmp
0 735 4 4 112 10 10 0 0 0 203 35 0 0
fn=_dl_catch_error
0 120 4 4 33 0 0 60 6 6 3 0 6 3
fn=_dl_check_all_versions
0 75 2 2 13 0 0 8 0 0 9 3 0 0
fn=_dl_check_map_versions
0 1233 13 13 403 6 6 167 13 13 146 53 0 0
fn=_dl_count_modids
0 4 1 1 3 0 0 0 0 0 1 0 0 0
fn=_dl_debug_initialize
0 41 3 3 13 2 1 4 0 0 12 11 0 0
fn=_dl_debug_state
0 2 0 0 2 0 0 0 0 0 0 0 0 0
fn=_dl_determine_tlsoffset
0 56 5 5 11 0 0 8 0 0 4 1 0 0
fn=_dl_discover_osversion
0 80 5 5 14 1 1 7 1 1 14 8 0 0
fn=_dl_find_dso_for_object
0 30 3 3 12 0 0 0 0 0 11 5 0 0
fn=_dl_fini
0 257 10 10 88 17 0 36 3 0 48 11 6 6
fn=_dl_fixup
0 883 6 6 348 36 5 110 0 0 99 12 0 0
fn=_dl_important_hwcaps
0 259 18 18 51 0 0 44 2 2 31 14 0 0
fn=_dl_init
0 86 5 5 24 1 0 12 0 0 12 5 0 0
fn=_dl_init_paths
0 91 10 10 14 0 0 33 2 2 7 3 0 0
fn=_dl_initial_error_catch_tsd
0 8 0 0 4 0 0 0 0 0 0 0 0 0
fn=_dl_load_cache_lookup
0 323 15 15 58 9 9 32 0 0 56 9 0 0
fn=_dl_lookup_symbol_x
0 19721 10 10 4264 104 90 2473 9 0 2322 161 0 0
fn=_dl_map_object
0 415 26 26 86 0 0 67 4 4 68 22 0 0
fn=_dl_map_object_deps
0 1082 37 37 224 1 1 124 1 1 233 50 0 0
fn=_dl_map_object_from_fd
0 1729 49 49 363 17 17 199 22 22 336 94 0 0
fn=_dl_name_match_p
0 1535 3 3 397 3 0 228 1 1 229 39 0 0
fn=_dl_new_object
0 605 15 15 106 4 4 115 26 26 90 43 0 0
fn=_dl_next_ld_env_entry
0 343 2 2 118 25 25 1 0 0 114 21 0 0
fn=_dl_next_tls_modid
0 6 1 1 3 0 0 1 0 0 1 0 0 0
fn=_dl_receive_error
0 28 2 2 10 0 0 12 0 0 0 0 2 2
fn=_dl_relocate_object
0 18882 51 51 5173 672 616 2418 253 241 2789 144 111 13
fn=_dl_runtime_resolve
0 319 4 4 99 0 0 88 0 0 0 0 11 11
fn=_dl_setup_hash
0 88 2 2 28 5 5 24 0 0 4 0 0 0
fn=_dl_sort_fini
0 170 6 6 51 1 0 20 0 0 27 8 0 0
fn=_dl_start
0 620 16 16 128 25 23 55 18 17 110 30 7 1
fn=_dl_sysdep_read_whole_file
0 41 3 3 6 1 1 9 0 0 3 1 0 0
fn=_dl_sysdep_start
0 483 16 15 128 19 17 41 5 5 105 23 18 14
fn=_dl_sysdep_start_cleanup
0 1 1 0 1 0 0 0 0 0 0 0 0 0
fn=_dl_unload_cache
0 10 2 1 3 1 0 2 0 0 1 1 0 0
fn=_dl_vdso_vsym
0 24 2 2 12 1 0 0 0 0 4 4 0 0
fn=_fxstat
0 60 2 2 6 0 0 0 0 0 12 0 0 0
fn=_init
0 60 5 5 14 2 0 18 4 3 4 2 0 0
fn=_int_malloc
0 5208334496 49 49 1402243741 6 3 701121990 4 4 801282206 76 2 2
fn=_itoa_word
0 12379152160 3 3 1048262680 1 1 948262680 0 0 1048262680 100023215 0 0
fn=_setjmp
0 2 1 1 0 0 0 0 0 0 0 0 0 0
fn=_start
0 11 1 1 1 0 0 3 0 0 0 0 0 0
fn=access
0 9 1 1 1 0 0 1 0 0 1 1 0 0
fn=bcmp
0 1041 12 12 244 11 11 76 3 3 182 59 0 0
fn=brk
0 47 3 3 7 0 0 4 1 1 8 0 0 0
fn=call_init.part.0
0 155 4 4 58 4 0 28 0 0 17 3 4 4
fn=calloc
0 64 1 1 0 0 0 0 0 0 8 8 0 0
fn=check_match.isra.0
0 5440 7 6 1904 44 16 613 5 0 809 28 0 0
fn=close
0 15 1 1 3 0 0 0 0 0 3 0 0 0
fn=dl_main
0 1056 73 73 213 24 18 140 17 17 213 82 1 1
fn=do_lookup_x
0 27045 17 17 9443 203 134 4190 9 0 3917 292 0 0
fn=do_preload
0 28 3 3 7 0 0 8 0 0 1 1 0 0
fn=exit
0 4 1 1 0 0 0 1 0 0 0 0 0 0
fn=fclose@@GLIBC_2.2.5
0 65 8 8 26 2 0 9 0 0 15 8 1 1
fn=fopen@@GLIBC_2.2.5
0 2 1 1 0 0 0 0 0 0 0 0 0 0
fn=fread
0 52 6 6 18 0 0 7 0 0 10 5 0 0
fn=free
0 7211538748 15 15 1903044948 0 0 701121825 0 0 1602564170 25 0 0
fn=fseek
0 78 4 4 30 0 0 8 0 0 16 10 0 0
fn=ftell
0 41 6 6 15 0 0 4 0 0 10 7 0 0
fn=gettimeofday
0 14 1 1 1 0 0 5 0 0 0 0 0 0
fn=handle_intel.isra.0
0 94 5 5 14 0 0 26 0 0 6 2 0 0
fn=index
0 163 5 5 21 2 2 0 0 0 12 4 0 0
fn=init_cacheinfo
0 147 8 8 6 0 0 12 1 1 24 8 0 0
fn=init_tls
0 65 4 4 14 0 0 13 1 1 12 6 0 0
fn=intel_check_word
0 904 10 10 82 6 6 16 0 0 236 57 0 0
fn=isatty
0 8 1 1 1 0 0 1 1 0 0 0 0 0
fn=lseek
0 4 1 1 2 0 0 0 0 0 2 0 0 0
fn=malloc
0 3305288679 4 4 1101762876 2 0 300480785 0 0 701121828 34 1 1
fn=malloc_consolidate
0 651 4 4 3 0 0 257 32 32 129 10 0 0
fn=malloc_hook_ini
0 38 4 4 12 3 1 5 0 0 8 6 0 0
fn=map_doit
0 14 1 1 5 0 0 3 0 0 0 0 0 0
fn=match_symbol
0 356 5 5 140 14 14 36 0 0 92 12 0 0
fn=memcpy
0 388 6 6 59 0 0 46 8 8 101 56 0 0
fn=memcpy@GLIBC_2.2.5
0 17 2 2 4 0 0 0 0 0 3 0 0 0
fn=mempcpy
0 143 5 5 21 1 1 16 3 3 38 20 0 0
fn=memset
0 2510 1 1 11 0 0 2444 39 39 2455 54 0 0
fn=mmap
0 66 3 3 11 0 0 0 0 0 11 0 0 0
fn=mprotect
0 30 1 1 6 0 0 0 0 0 6 0 0 0
fn=munmap
0 10 0 0 2 0 0 0 0 0 2 0 0 0
fn=open
0 17 2 2 4 0 0 0 0 0 4 0 0 0
fn=open_verify
0 409 12 12 88 6 6 42 2 2 71 22 0 0
fn=openaux
0 34 2 2 16 0 0 6 0 0 0 0 0 0
fn=printf
0 2100000000 4 4 300000000 1 0 1000000000 0 0 100000000 3 0 0
fn=ptmalloc_init.part.8
0 385 7 7 126 40 1 15 4 2 117 21 0 0
fn=read
0 12 2 2 3 0 0 0 0 0 3 0 0 0
fn=rindex
0 24 2 2 2 1 0 0 0 0 3 0 0 0
fn=rtld_lock_default_lock_recursive
0 10 1 1 10 2 1 0 0 0 0 0 0 0
fn=rtld_lock_default_unlock_recursive
0 10 0 0 10 1 0 0 0 0 0 0 0 0
fn=sbrk
0 69 4 4 20 2 0 11 0 0 13 4 0 0
fn=strcasecmp
0 7 2 2 3 1 1 1 0 0 2 1 0 0
fn=strchrnul
0 4000000000 2 2 400000000 0 0 0 0 0 400000000 0 0 0
fn=strcmp
0 11936 1 1 3582 36 17 0 0 0 3220 249 0 0
fn=strdup
0 34 1 1 4 0 0 8 0 0 2 0 0 0
fn=strlen
0 597 4 4 70 0 0 0 0 0 147 38 0 0
fn=strncasecmp
0 6 2 2 3 0 0 0 0 0 2 2 0 0
fn=strsep
0 800 2 2 250 0 0 1 0 0 248 15 0 0
fn=tcgetattr
0 15 3 3 2 0 0 1 0 0 1 1 0 0
fn=time
0 14 2 2 1 0 0 5 0 0 0 0 0 0
fn=uname
0 5 1 1 1 0 0 0 0 0 1 0 0 0
fn=version_check_doit
0 10 1 1 4 0 0 2 0 0 1 1 0 0
fn=vfprintf
0 31450009784 48 48 9049998363 9 4 6749982831 10 2 5200012258 100018411 400000000 4
fn=write
0 536262 1 1 268131 0 0 0 0 0 268131 0 0 0
summary: 119207323017 1072 1056 38620233706 2499 1988 16309727921 702 643 13211820512 345837883 6401505120 1851826825
