desc: I1 cache:         32768 B, 64 B, 8-way associative
desc: D1 cache:         32768 B, 64 B, 8-way associative
desc: LL cache:         3145728 B, 64 B, 12-way associative
cmd: ./vm ../Common/a.out
events: Ir I1mr ILmr Dr D1mr DLmr Dw D1mw DLmw Bc Bcm Bi Bim
fl=/home/matt/Varsity/Treatise/Work/Virtual Machines/Register Mapped/../Common/utility.c
fn=file_to_memory
45 4 1 1 0 0 0 2 0 0 0 0 0 0
46 5 1 1 1 0 0 2 2 0 0 0 0 0
47 2 0 0 1 0 0 0 0 0 1 1 0 0
50 5 0 0 1 0 0 1 0 0 0 0 0 0
51 4 0 0 1 0 0 2 0 0 0 0 0 0
52 5 1 1 1 0 0 1 0 0 0 0 0 0
54 6 0 0 1 0 0 2 0 0 0 0 0 0
56 12 1 1 4 0 0 1 0 0 1 1 0 0
62 3 0 0 1 0 0 1 0 0 0 0 0 0
63 5 0 0 2 0 0 1 0 0 0 0 0 0
64 1 0 0 1 0 0 0 0 0 0 0 0 0
65 2 0 0 2 0 0 0 0 0 0 0 0 0
fn=main
7 5 1 1 0 0 0 3 0 0 0 0 0 0
8 7 0 0 3 1 0 1 0 0 0 0 0 0
fn=print_int
19 8 1 1 0 0 0 4 0 0 0 0 0 0
20 10 0 0 2 0 0 2 0 0 0 0 0 0
21 6 0 0 4 0 0 0 0 0 0 0 0 0
fl=/home/matt/Varsity/Treatise/Work/Virtual Machines/Register Mapped//codetable.asm
fn=???
2329 39916800 1 1 0 0 0 0 0 0 0 0 0 0
2331 39916800 0 0 39916800 0 0 0 0 0 0 0 0 0
2332 39916800 0 0 39916800 0 0 0 0 0 0 0 39916800 1
2383 914584183 1 1 914584183 0 0 0 0 0 0 0 0 0
2384 914584183 0 0 914584183 0 0 0 0 0 0 0 0 0
2385 914584183 0 0 0 0 0 0 0 0 0 0 0 0
2386 914584183 0 0 0 0 0 0 0 0 0 0 0 0
2388 914584183 0 0 914584183 0 0 0 0 0 0 0 0 0
2389 914584183 0 0 914584183 0 0 0 0 0 0 0 914584183 117935999
2391 1422257296 1 1 1422257296 0 0 0 0 0 0 0 0 0
2392 1422257296 0 0 1422257296 0 0 0 0 0 0 0 0 0
2393 1422257296 0 0 0 0 0 0 0 0 0 0 0 0
2394 1422257296 0 0 0 0 0 0 0 0 0 0 0 0
2396 1422257296 0 0 1422257296 0 0 0 0 0 0 0 0 0
2397 1422257296 0 0 1422257296 1 1 0 0 0 0 0 1422257296 195955198
2399 101511635 0 0 101511635 0 0 0 0 0 0 0 0 0
2400 101511635 0 0 101511635 0 0 0 0 0 0 0 0 0
2401 101511635 0 0 0 0 0 0 0 0 0 0 0 0
2402 101511635 0 0 0 0 0 0 0 0 0 0 0 0
2404 101511635 0 0 101511635 0 0 0 0 0 0 0 0 0
2405 101511635 0 0 101511635 0 0 0 0 0 0 0 101511635 99791998
2407 277931375 0 0 277931375 0 0 0 0 0 0 0 0 0
2408 277931375 0 0 277931375 0 0 0 0 0 0 0 0 0
2409 277931375 0 0 0 0 0 0 0 0 0 0 0 0
2410 277931375 0 0 0 0 0 0 0 0 0 0 0 0
2412 277931375 0 0 277931375 0 0 0 0 0 0 0 0 0
2413 277931375 0 0 277931375 0 0 0 0 0 0 0 277931375 1
2415 12 1 1 12 0 0 0 0 0 0 0 0 0
2416 12 0 0 12 0 0 0 0 0 0 0 0 0
2417 12 0 0 0 0 0 0 0 0 0 0 0 0
2418 12 0 0 0 0 0 0 0 0 0 0 0 0
2420 12 0 0 12 0 0 0 0 0 0 0 0 0
2421 12 0 0 12 2 2 0 0 0 0 0 12 2
2459 39916799 1 1 0 0 0 0 0 0 0 0 0 0
2461 39916799 0 0 39916799 0 0 0 0 0 0 0 0 0
2462 39916799 1 1 39916799 1 1 0 0 0 0 0 39916799 1
2740 39916800 1 1 0 0 0 0 0 0 0 0 0 0
2742 39916800 0 0 39916800 0 0 0 0 0 0 0 0 0
2743 39916800 0 0 39916800 1 1 0 0 0 0 0 39916800 1
2835 39916800 1 1 39916800 0 0 0 0 0 0 0 0 0
2836 39916800 0 0 39916800 0 0 0 0 0 0 0 0 0
2837 39916800 0 0 0 0 0 0 0 0 0 0 0 0
2838 39916800 0 0 0 0 0 0 0 0 0 0 0 0
2840 39916800 0 0 39916800 0 0 0 0 0 0 0 0 0
2841 39916800 0 0 39916800 0 0 0 0 0 0 0 39916800 39916800
3452 39916799 1 1 39916799 0 0 0 0 0 0 0 0 0
3453 39916799 0 0 39916799 0 0 0 0 0 0 0 0 0
3454 39916799 0 0 0 0 0 0 0 0 0 0 0 0
3455 39916799 0 0 0 0 0 0 0 0 0 0 0 0
3456 39916799 0 0 0 0 0 0 0 0 0 0 0 0
3457 39916799 0 0 0 0 0 0 0 0 0 0 0 0
3458 39916799 1 1 0 0 0 0 0 0 0 0 0 0
3460 39916799 0 0 0 0 0 0 0 0 0 0 0 0
3462 39916799 0 0 0 0 0 0 0 0 0 0 0 0
3463 39916799 0 0 0 0 0 0 0 0 0 0 0 0
3464 39916799 0 0 0 0 0 0 0 0 0 0 0 0
3466 39916799 0 0 39916799 0 0 0 0 0 0 0 0 0
3467 39916799 0 0 39916799 1 1 0 0 0 0 0 39916799 1
5288 94169350 1 1 0 0 0 0 0 0 0 0 0 0
5290 94169350 0 0 94169350 0 0 0 0 0 0 0 0 0
5291 94169350 0 0 94169350 1 1 0 0 0 0 0 94169350 79833599
5293 39916799 0 0 0 0 0 0 0 0 0 0 0 0
5295 39916799 0 0 39916799 0 0 0 0 0 0 0 0 0
5296 39916799 0 0 39916799 0 0 0 0 0 0 0 39916799 39916799
5318 39916800 1 1 0 0 0 0 0 0 0 0 0 0
5320 39916800 1 1 39916800 0 0 0 0 0 0 0 0 0
5321 39916800 0 0 39916800 1 1 0 0 0 0 0 39916800 1
5509 39916799 1 1 0 0 0 0 0 0 0 0 0 0
5511 39916799 0 0 39916799 0 0 0 0 0 0 0 0 0
5512 39916799 0 0 39916799 0 0 0 0 0 0 0 39916799 1
5542 277931376 1 1 277931376 0 0 0 0 0 0 0 0 0
5543 277931376 0 0 277931376 0 0 0 0 0 0 0 0 0
5544 277931376 0 0 0 0 0 0 0 0 0 0 0 0
5546 277931376 0 0 277931376 0 0 0 0 0 0 0 0 0
5547 277931376 0 0 277931376 2 2 0 0 0 0 0 277931376 2
5549 1 0 0 1 0 0 0 0 0 0 0 0 0
5550 1 0 0 1 0 0 0 0 0 0 0 0 0
5551 1 0 0 0 0 0 0 0 0 0 0 0 0
5553 1 0 0 1 0 0 0 0 0 0 0 0 0
5554 1 0 0 1 0 0 0 0 0 0 0 1 1
5556 317848177 0 0 317848177 0 0 0 0 0 0 0 0 0
5557 317848177 0 0 317848177 0 0 0 0 0 0 0 0 0
5558 317848177 0 0 0 0 0 0 0 0 0 0 0 0
5560 317848177 0 0 317848177 0 0 0 0 0 0 0 0 0
5561 317848177 0 0 317848177 2 2 0 0 0 0 0 317848177 2
5563 39916801 0 0 39916801 0 0 0 0 0 0 0 0 0
5564 39916801 0 0 39916801 0 0 0 0 0 0 0 0 0
5565 39916801 0 0 0 0 0 0 0 0 0 0 0 0
5567 39916801 0 0 39916801 0 0 0 0 0 0 0 0 0
5568 39916801 0 0 39916801 1 1 0 0 0 0 0 39916801 2
5570 1 1 1 1 0 0 0 0 0 0 0 0 0
5571 1 0 0 1 0 0 0 0 0 0 0 0 0
5572 1 0 0 0 0 0 0 0 0 0 0 0 0
5574 1 0 0 1 0 0 0 0 0 0 0 0 0
5575 1 1 1 1 1 1 0 0 0 0 0 1 1
5609 39916803 0 0 39916803 0 0 0 0 0 0 0 0 0
5610 39916803 0 0 39916803 0 0 0 0 0 0 0 0 0
5612 39916803 0 0 39916803 0 0 0 0 0 0 0 0 0
5613 39916803 0 0 39916803 1 1 0 0 0 0 0 39916803 2
5615 79833600 1 1 79833600 0 0 0 0 0 0 0 0 0
5616 79833600 0 0 79833600 0 0 0 0 0 0 0 0 0
5618 79833600 0 0 79833600 0 0 0 0 0 0 0 0 0
5619 79833600 0 0 79833600 1 1 0 0 0 0 0 79833600 79833599
5621 119750399 0 0 119750399 0 0 0 0 0 0 0 0 0
5622 119750399 0 0 119750399 0 0 0 0 0 0 0 0 0
5624 119750399 0 0 119750399 0 0 0 0 0 0 0 0 0
5625 119750399 0 0 119750399 0 0 0 0 0 0 0 119750399 79833599
5627 159667200 0 0 159667200 0 0 0 0 0 0 0 0 0
5628 159667200 1 1 159667200 0 0 0 0 0 0 0 0 0
5630 159667200 0 0 159667200 0 0 0 0 0 0 0 0 0
5631 159667200 0 0 159667200 4 4 0 0 0 0 0 159667200 159667200
5646 39916800 0 0 39916800 0 0 0 0 0 0 0 0 0
5647 39916800 0 0 39916800 0 0 0 0 0 0 0 0 0
5649 39916800 0 0 39916800 0 0 0 0 0 0 0 0 0
5650 39916800 0 0 39916800 0 0 0 0 0 0 0 39916800 1
5676 39916799 1 1 39916799 0 0 0 0 0 0 0 0 0
5677 39916799 0 0 39916799 0 0 0 0 0 0 0 0 0
5679 39916799 0 0 39916799 0 0 0 0 0 0 0 0 0
5680 39916799 0 0 39916799 0 0 0 0 0 0 0 39916799 1
5695 39916799 0 0 39916799 0 0 0 0 0 0 0 0 0
5696 39916799 0 0 0 0 0 39916799 0 0 0 0 0 0
5698 39916799 0 0 39916799 0 0 0 0 0 0 0 0 0
5699 39916799 0 0 39916799 0 0 0 0 0 0 0 39916799 1
5701 119750402 1 1 119750402 0 0 0 0 0 0 0 0 0
5702 119750402 0 0 0 0 0 119750402 0 0 0 0 0 0
5704 119750402 0 0 119750402 0 0 0 0 0 0 0 0 0
5705 119750402 0 0 119750402 0 0 0 0 0 0 0 119750402 79833603
5707 19 0 0 19 0 0 0 0 0 0 0 0 0
5708 19 0 0 0 0 0 19 0 0 0 0 0 0
5710 19 0 0 19 0 0 0 0 0 0 0 0 0
5711 19 0 0 19 0 0 0 0 0 0 0 19 1
5713 1 1 1 1 0 0 0 0 0 0 0 0 0
5714 1 0 0 0 0 0 1 0 0 0 0 0 0
5716 1 0 0 1 0 0 0 0 0 0 0 0 0
5717 1 0 0 1 1 1 0 0 0 0 0 1 1
5720 79833600 0 0 79833600 0 0 0 0 0 0 0 0 0
5721 79833600 0 0 0 0 0 79833600 0 0 0 0 0 0
5723 79833600 0 0 79833600 0 0 0 0 0 0 0 0 0
5724 79833600 0 0 79833600 1 1 0 0 0 0 0 79833600 79833599
5726 1 0 0 1 0 0 0 0 0 0 0 0 0
5727 1 1 1 0 0 0 1 0 0 0 0 0 0
5729 1 0 0 1 0 0 0 0 0 0 0 0 0
5730 1 0 0 1 1 1 0 0 0 0 0 1 1
10399 68588311 1 1 68588311 0 0 0 0 0 0 0 0 0
10401 68588311 0 0 68588311 0 0 0 0 0 0 0 0 0
10402 68588311 0 0 68588311 1 1 0 0 0 0 0 68588311 1
10404 845995870 0 0 845995870 0 0 0 0 0 0 0 0 0
10406 845995870 1 1 845995870 0 0 0 0 0 0 0 0 0
10407 845995870 0 0 845995870 1 1 0 0 0 0 0 845995870 39916799
10544 784401035 0 0 784401035 0 0 0 0 0 0 0 0 0
10546 784401035 0 0 784401035 0 0 0 0 0 0 0 0 0
10547 784401035 0 0 784401035 0 0 0 0 0 0 0 784401035 1
10549 61594835 0 0 61594835 0 0 0 0 0 0 0 0 0
10551 61594835 0 0 61594835 0 0 0 0 0 0 0 0 0
10552 61594835 0 0 61594835 0 0 0 0 0 0 0 61594835 1
10554 97259813 1 1 97259813 0 0 0 0 0 0 0 0 0
10556 97259813 0 0 97259813 0 0 0 0 0 0 0 0 0
10557 97259813 0 0 97259813 0 0 0 0 0 0 0 97259813 39916799
10574 439084811 1 1 439084811 0 0 0 0 0 0 0 0 0
10576 439084811 0 0 439084811 0 0 0 0 0 0 0 0 0
10577 439084811 1 1 439084811 1 1 0 0 0 0 0 439084811 1
10689 317848175 1 1 317848175 0 0 0 0 0 0 0 0 0
10691 317848175 0 0 317848175 0 0 0 0 0 0 0 0 0
10692 317848175 0 0 317848175 0 0 0 0 0 0 0 317848175 1
10844 39916800 1 1 39916800 0 0 0 0 0 0 0 0 0
10846 39916800 0 0 39916800 0 0 0 0 0 0 0 0 0
10847 39916800 0 0 39916800 0 0 0 0 0 0 0 39916800 39916800
11521 1 1 1 0 0 0 1 0 0 0 0 0 0
11523 1 0 0 1 0 0 0 0 0 0 0 0 0
11524 1 1 1 1 0 0 0 0 0 0 0 1 1
11711 784401035 1 1 0 0 0 0 0 0 0 0 0 0
11712 784401035 0 0 0 0 0 784401035 0 0 0 0 0 0
11713 784401035 0 0 0 0 0 0 0 0 0 0 0 0
11715 784401035 0 0 784401035 0 0 0 0 0 0 0 0 0
11716 784401035 1 1 784401035 0 0 0 0 0 0 0 784401035 1
11751 439084811 1 1 0 0 0 0 0 0 0 0 0 0
11752 439084811 0 0 0 0 0 439084811 0 0 0 0 0 0
11753 439084811 0 0 0 0 0 0 0 0 0 0 0 0
11755 439084811 0 0 439084811 0 0 0 0 0 0 0 0 0
11756 439084811 0 0 439084811 1 1 0 0 0 0 0 439084811 1
11951 61594835 1 1 0 0 0 0 0 0 0 0 0 0
11952 61594835 0 0 0 0 0 61594835 0 0 0 0 0 0
11953 61594835 0 0 0 0 0 0 0 0 0 0 0 0
11955 61594835 0 0 61594835 0 0 0 0 0 0 0 0 0
11956 61594835 0 0 61594835 0 0 0 0 0 0 0 61594835 39916799
12231 845995870 1 1 0 0 0 0 0 0 0 0 0 0
12232 845995870 1 1 0 0 0 845995870 0 0 0 0 0 0
12233 845995870 0 0 0 0 0 0 0 0 0 0 0 0
12235 845995870 0 0 845995870 0 0 0 0 0 0 0 0 0
12236 845995870 0 0 845995870 2 2 0 0 0 0 0 845995870 94348798
12351 11 1 1 0 0 0 0 0 0 0 0 0 0
12352 11 0 0 0 0 0 11 0 0 0 0 0 0
12353 11 0 0 0 0 0 0 0 0 0 0 0 0
12355 11 0 0 11 0 0 0 0 0 0 0 0 0
12356 11 0 0 11 0 0 0 0 0 0 0 11 1
12391 1523095259 1 1 1523095259 0 0 0 0 0 0 0 0 0
12392 1523095259 0 0 0 0 0 0 0 0 0 0 0 0
12394 1523095259 0 0 1523095259 0 0 0 0 0 0 0 0 0
12395 1523095259 0 0 1523095259 0 0 0 0 0 0 0 1523095259 613923553
12691 1062332410 1 1 0 0 0 0 0 0 0 0 0 0
12692 1062332410 0 0 0 0 0 0 0 0 1062332410 145405464 0 0
12693 919950699 0 0 0 0 0 0 0 0 919950699 142951602 0 0
12695 784401035 0 0 784401035 0 0 0 0 0 0 0 0 0
12696 784401035 0 0 0 0 0 0 0 0 0 0 0 0
12698 135549664 0 0 135549664 0 0 0 0 0 0 0 0 0
12699 135549664 0 0 0 0 0 0 0 0 0 0 0 0
12701 142381711 0 0 142381711 0 0 0 0 0 0 0 0 0
12703 1062332410 0 0 0 0 0 0 0 0 0 0 0 0
12705 1062332410 0 0 1062332410 0 0 0 0 0 0 0 0 0
12706 1062332410 1 1 1062332410 0 0 0 0 0 0 0 1062332410 555862750
12793 68588301 1 1 0 0 0 0 0 0 0 0 0 0
12794 68588301 0 0 0 0 0 0 0 0 68588301 11 0 0
12795 68588301 0 0 0 0 0 0 0 0 68588301 9330442 0 0
12797 28671502 0 0 28671502 0 0 0 0 0 0 0 0 0
12798 28671502 0 0 0 0 0 0 0 0 0 0 0 0
12800 39916799 0 0 39916799 0 0 0 0 0 0 0 0 0
12801 39916799 0 0 0 0 0 0 0 0 0 0 0 0
12805 68588301 0 0 0 0 0 0 0 0 0 0 0 0
12807 68588301 0 0 68588301 0 0 0 0 0 0 0 0 0
12808 68588301 0 0 68588301 0 0 0 0 0 0 0 68588301 39916799
12895 39916800 1 1 0 0 0 0 0 0 0 0 0 0
12896 39916800 0 0 0 0 0 0 0 0 39916800 29564872 0 0
12897 4037929 0 0 0 0 0 0 0 0 4037929 24 0 0
12899 19 0 0 19 0 0 0 0 0 0 0 0 0
12900 19 0 0 0 0 0 0 0 0 0 0 0 0
12902 4037910 1 1 4037910 0 0 0 0 0 0 0 0 0
12903 4037910 0 0 0 0 0 0 0 0 0 0 0 0
12905 35878871 0 0 35878871 0 0 0 0 0 0 0 0 0
12907 39916800 0 0 0 0 0 0 0 0 0 0 0 0
12909 39916800 0 0 39916800 0 0 0 0 0 0 0 0 0
12910 39916800 0 0 39916800 0 0 0 0 0 0 0 39916800 35
12912 28671502 0 0 0 0 0 0 0 0 0 0 0 0
12913 28671502 0 0 0 0 0 0 0 0 28671502 16353571 0 0
12914 14335751 0 0 0 0 0 0 0 0 14335751 0 0 0
12916 14335751 0 0 14335751 0 0 0 0 0 0 0 0 0
12917 14335751 0 0 0 0 0 0 0 0 0 0 0 0
12922 14335751 0 0 14335751 0 0 0 0 0 0 0 0 0
12924 28671502 0 0 0 0 0 0 0 0 0 0 0 0
12926 28671502 0 0 28671502 0 0 0 0 0 0 0 0 0
12927 28671502 0 0 28671502 0 0 0 0 0 0 0 28671502 18369950
12997 68588311 1 1 0 0 0 0 0 0 0 0 0 0
12998 68588311 0 0 0 0 0 0 0 0 68588311 28725839 0 0
12999 39916799 0 0 0 0 0 0 0 0 39916799 0 0 0
13001 39916799 0 0 39916799 0 0 0 0 0 0 0 0 0
13002 39916799 0 0 0 0 0 0 0 0 0 0 0 0
13007 28671512 0 0 28671512 0 0 0 0 0 0 0 0 0
13009 68588311 0 0 0 0 0 0 0 0 0 0 0 0
13011 68588311 0 0 68588311 0 0 0 0 0 0 0 0 0
13012 68588311 0 0 68588311 0 0 0 0 0 0 0 68588311 39916800
13034 68588312 1 1 68588312 0 0 0 0 0 0 0 0 0
13035 68588312 0 0 68588312 0 0 0 0 0 0 0 0 0
13036 68588312 0 0 0 0 0 0 0 0 0 0 0 0
13037 68588312 0 0 0 0 0 0 0 0 68588312 19 0 0
13038 12 0 0 0 0 0 0 0 0 12 2 0 0
13040 1 0 0 1 0 0 0 0 0 0 0 0 0
13041 1 0 0 0 0 0 0 0 0 0 0 0 0
13043 11 0 0 11 0 0 0 0 0 0 0 0 0
13044 11 0 0 0 0 0 0 0 0 0 0 0 0
13046 68588300 0 0 68588300 0 0 0 0 0 0 0 0 0
13048 68588312 0 0 0 0 0 0 0 0 0 0 0 0
13050 68588312 0 0 68588312 0 0 0 0 0 0 0 0 0
13051 68588312 0 0 68588312 1 1 0 0 0 0 0 68588312 2
13053 796849787 1 1 796849787 0 0 0 0 0 0 0 0 0
13054 796849787 0 0 796849787 0 0 0 0 0 0 0 0 0
13055 796849787 0 0 0 0 0 0 0 0 0 0 0 0
13056 796849787 0 0 0 0 0 0 0 0 796849787 73881368 0 0
13057 119750402 0 0 0 0 0 0 0 0 119750402 13 0 0
13059 39916801 0 0 39916801 0 0 0 0 0 0 0 0 0
13060 39916801 0 0 0 0 0 0 0 0 0 0 0 0
13062 79833601 0 0 79833601 0 0 0 0 0 0 0 0 0
13063 79833601 0 0 0 0 0 0 0 0 0 0 0 0
13065 677099385 1 1 677099385 0 0 0 0 0 0 0 0 0
13067 796849787 0 0 0 0 0 0 0 0 0 0 0 0
13069 796849787 0 0 796849787 0 0 0 0 0 0 0 0 0
13070 796849787 0 0 796849787 1 1 0 0 0 0 0 796849787 156038402
13072 101511635 0 0 101511635 0 0 0 0 0 0 0 0 0
13073 101511635 0 0 101511635 0 0 0 0 0 0 0 0 0
13074 101511635 0 0 0 0 0 0 0 0 0 0 0 0
13075 101511635 0 0 0 0 0 0 0 0 101511635 21678036 0 0
13076 79833599 0 0 0 0 0 0 0 0 79833599 13 0 0
13078 39916799 0 0 39916799 0 0 0 0 0 0 0 0 0
13079 39916799 0 0 0 0 0 0 0 0 0 0 0 0
13081 39916800 0 0 39916800 0 0 0 0 0 0 0 0 0
13082 39916800 0 0 0 0 0 0 0 0 0 0 0 0
13084 21678036 0 0 21678036 0 0 0 0 0 0 0 0 0
13086 101511635 0 0 0 0 0 0 0 0 0 0 0 0
13088 101511635 0 0 101511635 0 0 0 0 0 0 0 0 0
13089 101511635 0 0 101511635 0 0 0 0 0 0 0 101511635 99791998
13110 11 1 1 11 0 0 0 0 0 0 0 0 0
13111 11 0 0 11 0 0 0 0 0 0 0 0 0
13112 11 1 1 0 0 0 0 0 0 0 0 0 0
13113 11 0 0 0 0 0 0 0 0 11 8 0 0
13114 2 0 0 0 0 0 0 0 0 2 1 0 0
13116 1 0 0 1 0 0 0 0 0 0 0 0 0
13117 1 0 0 0 0 0 0 0 0 0 0 0 0
13119 1 0 0 1 0 0 0 0 0 0 0 0 0
13120 1 0 0 0 0 0 0 0 0 0 0 0 0
13122 9 0 0 9 0 0 0 0 0 0 0 0 0
13124 11 0 0 0 0 0 0 0 0 0 0 0 0
13126 11 0 0 11 0 0 0 0 0 0 0 0 0
13127 11 0 0 11 1 1 0 0 0 0 0 11 2
13576 119750400 1 1 119750400 0 0 0 0 0 0 0 0 0
13577 119750400 0 0 0 0 0 0 0 0 0 0 0 0
13578 119750400 0 0 0 0 0 0 0 0 0 0 0 0
13579 119750400 0 0 119750400 0 0 0 0 0 0 0 0 0
13580 119750400 0 0 0 0 0 0 0 0 0 0 0 0
13581 119750400 0 0 0 0 0 0 0 0 0 0 0 0
13582 119750400 0 0 0 0 0 0 0 0 0 0 0 0
13584 119750400 0 0 0 0 0 119750400 0 0 0 0 0 0
13585 718502400 1 1 0 0 0 718502400 0 0 0 0 0 0
13586 119750400 0 0 0 0 0 119750400 0 0 0 0 0 0
13587 718502400 0 0 718502400 0 0 0 0 0 0 0 0 0
13588 119750400 0 0 119750400 0 0 0 0 0 0 0 0 0
13590 119750400 0 0 0 0 0 0 0 0 0 0 0 0
13591 119750400 0 0 0 0 0 119750400 0 0 0 0 0 0
13592 119750400 0 0 0 0 0 119750400 0 0 0 0 0 0
13593 119750400 0 0 0 0 0 119750400 0 0 0 0 0 0
13594 119750400 0 0 0 0 0 119750400 0 0 0 0 0 0
13595 119750400 0 0 0 0 0 119750400 1 1 0 0 0 0
13596 119750400 0 0 0 0 0 119750400 0 0 0 0 0 0
13597 119750400 0 0 0 0 0 119750400 0 0 0 0 0 0
13598 119750400 0 0 0 0 0 119750400 0 0 0 0 0 0
13599 119750400 0 0 0 0 0 119750400 0 0 0 0 0 0
13600 119750400 0 0 0 0 0 119750400 0 0 0 0 0 0
13601 119750400 1 1 0 0 0 0 0 0 0 0 0 0
13602 119750400 0 0 0 0 0 0 0 0 0 0 0 0
13603 119750400 0 0 0 0 0 0 0 0 0 0 0 0
13604 119750400 0 0 0 0 0 0 0 0 0 0 0 0
13606 119750400 0 0 0 0 0 0 0 0 0 0 0 0
13607 119750400 0 0 0 0 0 119750400 0 0 0 0 0 0
13609 119750400 0 0 0 0 0 0 0 0 0 0 0 0
13610 119750400 0 0 119750400 0 0 0 0 0 0 0 0 0
13611 119750400 0 0 0 0 0 0 0 0 0 0 0 0
13612 119750400 0 0 119750400 0 0 0 0 0 0 0 0 0
13614 119750400 0 0 0 0 0 0 0 0 0 0 0 0
13615 119750400 0 0 0 0 0 0 0 0 0 0 0 0
13616 119750400 0 0 0 0 0 0 0 0 0 0 0 0
13617 119750400 0 0 0 0 0 0 0 0 0 0 0 0
13618 119750400 0 0 0 0 0 0 0 0 0 0 0 0
13619 119750400 0 0 0 0 0 0 0 0 0 0 0 0
13621 119750400 0 0 0 0 0 0 0 0 0 0 0 0
13623 518918399 0 0 0 0 0 0 0 0 518918399 39916803 0 0
13624 399167999 0 0 399167999 0 0 399167999 0 0 0 0 0 0
13625 399167999 0 0 0 0 0 0 0 0 0 0 0 0
13626 399167999 1 1 0 0 0 0 0 0 0 0 0 0
13629 119750400 0 0 0 0 0 0 0 0 0 0 0 0
13631 119750400 0 0 0 0 0 0 0 0 0 0 0 0
13632 119750400 0 0 0 0 0 0 0 0 0 0 0 0
13633 119750400 0 0 0 0 0 0 0 0 0 0 0 0
13634 119750400 0 0 0 0 0 0 0 0 0 0 0 0
13635 119750400 0 0 0 0 0 0 0 0 0 0 0 0
13636 119750400 0 0 0 0 0 0 0 0 0 0 0 0
13638 119750400 0 0 119750400 0 0 0 0 0 0 0 0 0
13639 119750400 0 0 119750400 1 1 0 0 0 0 0 119750400 119750400
13642 119750401 0 0 0 0 0 0 0 0 0 0 0 0
13643 119750401 0 0 0 0 0 0 0 0 0 0 0 0
13645 119750401 0 0 119750401 0 0 0 0 0 0 0 0 0
13646 119750401 0 0 119750401 0 0 0 0 0 0 0 0 0
13647 119750401 0 0 119750401 0 0 0 0 0 0 0 0 0
13648 119750401 0 0 119750401 0 0 0 0 0 0 0 0 0
13649 119750401 0 0 119750401 0 0 0 0 0 0 0 0 0
13650 119750401 1 1 119750401 0 0 0 0 0 0 0 0 0
13652 718502406 0 0 0 0 0 718502406 0 0 0 0 0 0
13653 119750401 0 0 0 0 0 119750401 0 0 0 0 0 0
13654 718502406 0 0 718502406 0 0 0 0 0 0 0 0 0
13656 119750401 0 0 0 0 0 0 0 0 0 0 0 0
13657 119750401 0 0 0 0 0 0 0 0 119750401 1 0 0
13659 119750400 0 0 0 0 0 0 0 0 0 0 0 0
13661 119750400 0 0 119750400 0 0 0 0 0 0 0 0 0
13662 119750400 0 0 119750400 0 0 0 0 0 0 0 119750400 119750400
14617 1 1 1 0 0 0 0 0 0 0 0 0 0
14618 1 0 0 0 0 0 0 0 0 0 0 0 0
14619 6 0 0 0 0 0 6 0 0 0 0 0 0
14620 1 1 1 0 0 0 1 0 0 0 0 0 0
14621 6 0 0 6 0 0 0 0 0 0 0 0 0
14622 1 0 0 0 0 0 0 0 0 0 0 0 0
14623 1 0 0 0 0 0 0 0 0 0 0 0 0
14624 1 0 0 0 0 0 0 0 0 0 0 0 0
14625 1 0 0 0 0 0 1 0 0 0 0 0 0
14626 1 0 0 0 0 0 0 0 0 0 0 0 0
14628 1 0 0 1 0 0 0 0 0 0 0 0 0
14629 1 0 0 1 1 1 0 0 0 0 0 1 1
14631 1 0 0 0 0 0 0 0 0 0 0 0 0
14632 1 0 0 0 0 0 0 0 0 0 0 0 0
14633 6 0 0 0 0 0 6 0 0 0 0 0 0
14634 1 0 0 0 0 0 1 0 0 0 0 0 0
14635 6 1 1 5 0 0 0 0 0 0 0 0 0
14636 1 0 0 0 0 0 0 0 0 0 0 0 0
14637 1 0 0 0 0 0 0 0 0 0 0 0 0
14638 1 0 0 0 0 0 0 0 0 0 0 0 0
14639 1 0 0 0 0 0 1 0 0 0 0 0 0
14640 1 0 0 0 0 0 0 0 0 0 0 0 0
14642 1 0 0 1 0 0 0 0 0 0 0 0 0
14643 1 0 0 1 0 0 0 0 0 0 0 1 1
15003 12 2 2 0 0 0 12 0 0 0 0 0 0
15004 2 0 0 0 0 0 0 0 0 0 0 0 0
15005 2 0 0 0 0 0 2 0 0 0 0 0 0
15006 12 0 0 12 0 0 0 0 0 0 0 0 0
15008 2 0 0 2 0 0 0 0 0 0 0 0 0
15009 2 0 0 2 0 0 0 0 0 0 0 2 2
fl=/home/matt/Varsity/Treatise/Work/Virtual Machines/Register Mapped//templates/dispatch
fn=???
2 1 0 0 1 0 0 0 0 0 0 0 0 0
3 1 0 0 1 1 1 0 0 0 0 0 1 1
fl=/home/matt/Varsity/Treatise/Work/Virtual Machines/Register Mapped//vm.asm
fn=???
39 1 1 1 0 0 0 0 0 0 0 0 0 0
40 1 0 0 0 0 0 1 0 0 0 0 0 0
42 1 0 0 0 0 0 0 0 0 0 0 0 0
43 1 0 0 0 0 0 0 0 0 1 0 0 0
45 1 0 0 0 0 0 0 0 0 0 0 0 0
48 1 0 0 1 0 0 0 0 0 0 0 0 0
50 1 0 0 0 0 0 0 0 0 0 0 0 0
51 1 0 0 0 0 0 0 0 0 0 0 0 0
52 1 0 0 0 0 0 0 0 0 0 0 0 0
53 1 0 0 0 0 0 0 0 0 0 0 0 0
54 1 0 0 0 0 0 0 0 0 0 0 0 0
56 1 0 0 0 0 0 0 0 0 0 0 0 0
57 1 0 0 0 0 0 0 0 0 0 0 0 0
58 1 1 1 0 0 0 0 0 0 0 0 0 0
59 1 0 0 0 0 0 1 0 0 0 0 0 0
60 1 0 0 0 0 0 1 0 0 0 0 0 0
61 1 0 0 0 0 0 1 0 0 0 0 0 0
62 1 0 0 0 0 0 0 0 0 0 0 0 0
63 1 0 0 1 0 0 0 0 0 0 0 0 0
64 1 0 0 0 0 0 0 0 0 0 0 0 0
65 1 0 0 0 0 0 0 0 0 0 0 0 0
66 1 0 0 0 0 0 1 0 0 0 0 0 0
67 1 0 0 0 0 0 0 0 0 0 0 0 0
68 1 0 0 0 0 0 0 0 0 0 0 0 0
69 1 0 0 0 0 0 0 0 0 0 0 0 0
70 1 0 0 0 0 0 1 0 0 0 0 0 0
75 1 0 0 0 0 0 0 0 0 0 0 0 0
83 1 1 1 0 0 0 0 0 0 0 0 0 0
84 1 1 0 0 0 0 1 0 0 0 0 0 0
fl=???
fn=(below main)
0 58 4 4 17 2 0 16 0 0 7 0 2 2
fn=???
0 239501016 27 18 239500913 8 0 36 1 1 11 5 239500877 25
fn=_Exit
0 8 2 2 1 0 0 0 0 0 0 0 0 0
fn=_IO_cleanup
0 100 8 8 30 1 0 17 0 0 21 11 1 1
fn=_IO_default_finish
0 19 3 3 7 0 0 2 0 0 4 3 0 0
fn=_IO_default_setbuf
0 38 4 4 8 0 0 14 0 0 4 2 1 1
fn=_IO_default_xsputn
0 48 3 3 10 0 0 8 0 0 7 2 0 0
fn=_IO_do_write@@GLIBC_2.2.5
0 56 5 5 16 0 0 11 0 0 8 3 1 1
fn=_IO_doallocbuf
0 36 2 2 16 0 0 8 1 0 6 4 2 1
fn=_IO_file_close
0 2 1 1 1 0 0 0 0 0 0 0 0 0
fn=_IO_file_close_it@@GLIBC_2.2.5
0 48 4 4 10 0 0 16 0 0 4 2 1 1
fn=_IO_file_doallocate
0 102 5 4 22 2 0 14 1 0 12 2 2 1
fn=_IO_file_finish@@GLIBC_2.2.5
0 8 2 2 2 0 0 1 0 0 1 1 0 0
fn=_IO_file_fopen@@GLIBC_2.2.5
0 76 9 9 13 1 1 11 0 0 15 5 0 0
fn=_IO_file_init@@GLIBC_2.2.5
0 13 2 2 4 0 0 5 0 0 0 0 0 0
fn=_IO_file_overflow@@GLIBC_2.2.5
0 70 6 6 16 0 0 16 0 0 12 6 0 0
fn=_IO_file_read
0 4 1 1 2 0 0 0 0 0 1 1 0 0
fn=_IO_file_seek
0 4 1 1 2 0 0 0 0 0 0 0 0 0
fn=_IO_file_seekoff@@GLIBC_2.2.5
0 213 16 16 61 0 0 39 0 0 36 13 4 4
fn=_IO_file_setbuf@@GLIBC_2.2.5
0 15 1 1 3 0 0 8 0 0 1 0 0 0
fn=_IO_file_stat
0 12 1 1 3 0 0 0 0 0 0 0 0 0
fn=_IO_file_sync@@GLIBC_2.2.5
0 13 3 3 6 0 0 2 0 0 2 1 0 0
fn=_IO_file_write@@GLIBC_2.2.5
0 36 2 2 8 0 0 5 0 0 5 3 0 0
fn=_IO_file_xsgetn
0 33 4 4 10 0 0 6 0 0 3 1 0 0
fn=_IO_file_xsputn@@GLIBC_2.2.5
0 207 5 5 46 1 1 32 1 0 24 4 1 1
fn=_IO_flush_all_lockp
0 96 8 8 27 5 2 13 0 0 22 15 1 1
fn=_IO_link_in
0 85 9 9 30 3 2 16 0 0 18 10 0 0
fn=_IO_no_init
0 33 3 3 5 0 0 20 2 2 1 0 0 0
fn=_IO_old_init
0 25 3 3 2 0 0 19 2 2 1 0 0 0
fn=_IO_seekoff_unlocked
0 47 2 2 11 1 0 3 0 0 10 3 3 1
fn=_IO_setb
0 76 1 1 19 0 0 18 1 0 4 3 0 0
fn=_IO_sgetn
0 3 1 1 2 0 0 0 0 0 0 0 1 1
fn=_IO_un_link
0 91 11 11 32 0 0 15 0 0 20 11 0 0
fn=_IO_unsave_markers
0 7 2 2 3 0 0 0 0 0 2 2 0 0
fn=__GI_memcpy
0 178 5 5 156 21 19 154 19 19 160 10 0 0
fn=__GI_mempcpy
0 62 3 3 8 0 0 5 0 0 18 11 0 0
fn=__GI_strstr
0 24 6 6 9 1 1 6 0 0 2 2 0 0
fn=__call_tls_dtors
0 12 3 3 5 0 0 4 0 0 1 1 0 0
fn=__close_nocancel
0 5 1 1 1 0 0 0 0 0 1 0 0 0
fn=__ctype_init
0 16 2 2 10 1 0 3 0 0 0 0 0 0
fn=__cxa_atexit
0 22 2 2 5 0 0 8 0 0 1 0 0 0
fn=__cxa_finalize
0 46 4 4 12 2 0 6 0 0 7 2 0 0
fn=__default_morecore
0 14 1 1 2 0 0 2 1 0 0 0 0 0
fn=__fopen_internal
0 39 3 3 4 0 0 10 1 1 2 0 0 0
fn=__fopen_maybe_mmap
0 4 1 1 2 0 0 0 0 0 1 1 0 0
fn=__init_cpu_features
0 79 9 9 9 2 2 13 0 0 13 5 1 1
fn=__init_misc
0 24 2 2 7 0 0 5 1 0 2 0 0 0
fn=__libc_csu_init
0 34 2 2 8 1 0 8 0 0 2 0 1 1
fn=__libc_memalign
0 535 4 4 104 0 0 102 1 1 60 20 0 0
fn=__linkin_atfork
0 9 2 2 4 2 0 1 0 0 2 1 0 0
fn=__lseek_nocancel
0 10 0 0 2 0 0 0 0 0 2 0 0 0
fn=__new_exitfn
0 38 6 6 11 5 3 5 0 0 7 6 0 0
fn=__open_nocancel
0 5 1 1 1 0 0 0 0 0 1 0 0 0
fn=__read_nocancel
0 5 0 0 1 0 0 0 0 0 1 1 0 0
fn=__run_exit_handlers
0 56 5 5 9 3 0 10 0 0 9 2 2 2
fn=__sigjmp_save
0 9 0 0 2 0 0 2 0 0 1 1 0 0
fn=__sigsetjmp
0 79 4 4 19 0 0 32 1 1 0 0 0 0
fn=__tls_get_addr
0 11 2 2 7 2 0 0 0 0 2 0 0 0
fn=__unregister_atfork
0 13 2 1 5 0 0 1 0 0 3 2 0 0
fn=__write_nocancel
0 5 0 0 1 0 0 0 0 0 1 0 0 0
fn=_dl_add_to_namespace_list
0 103 2 2 29 0 0 23 0 0 8 5 6 2
fn=_dl_add_to_slotinfo
0 24 2 2 9 3 0 6 0 0 1 0 0 0
fn=_dl_addr
0 56044 10 10 13650 1012 858 17 1 0 12809 1988 2 2
fn=_dl_allocate_tls_init
0 78 6 6 25 2 0 13 0 0 8 2 0 0
fn=_dl_allocate_tls_storage
0 323 3 3 7 0 0 296 37 37 290 10 0 0
fn=_dl_cache_libcmp
0 735 4 4 112 10 10 0 0 0 203 35 0 0
fn=_dl_catch_error
0 120 4 4 33 0 0 60 6 6 3 0 6 3
fn=_dl_check_all_versions
0 75 2 2 13 0 0 8 0 0 9 3 0 0
fn=_dl_check_map_versions
0 1233 13 13 403 6 6 167 13 13 146 53 0 0
fn=_dl_count_modids
0 4 1 1 3 0 0 0 0 0 1 0 0 0
fn=_dl_debug_initialize
0 41 3 3 13 2 1 4 0 0 12 11 0 0
fn=_dl_debug_state
0 2 0 0 2 0 0 0 0 0 0 0 0 0
fn=_dl_determine_tlsoffset
0 56 5 5 11 0 0 8 0 0 4 1 0 0
fn=_dl_discover_osversion
0 80 5 5 14 1 1 7 1 1 14 8 0 0
fn=_dl_find_dso_for_object
0 30 3 3 12 0 0 0 0 0 11 5 0 0
fn=_dl_fini
0 257 10 10 88 17 0 36 3 0 48 11 6 6
fn=_dl_fixup
0 883 6 6 348 36 5 110 0 0 99 12 0 0
fn=_dl_important_hwcaps
0 259 18 18 51 0 0 44 2 2 31 14 0 0
fn=_dl_init
0 86 5 5 24 1 0 12 0 0 12 5 0 0
fn=_dl_init_paths
0 91 10 10 14 0 0 33 2 2 7 3 0 0
fn=_dl_initial_error_catch_tsd
0 8 0 0 4 0 0 0 0 0 0 0 0 0
fn=_dl_load_cache_lookup
0 323 15 15 58 9 9 32 0 0 56 9 0 0
fn=_dl_lookup_symbol_x
0 19721 10 10 4264 104 90 2473 9 0 2322 161 0 0
fn=_dl_map_object
0 415 26 26 86 0 0 67 4 4 68 22 0 0
fn=_dl_map_object_deps
0 1082 37 37 224 1 1 124 1 1 233 50 0 0
fn=_dl_map_object_from_fd
0 1729 49 49 363 17 17 199 22 22 336 94 0 0
fn=_dl_name_match_p
0 1535 3 3 397 3 0 228 1 1 229 38 0 0
fn=_dl_new_object
0 605 15 15 106 4 4 115 26 26 90 43 0 0
fn=_dl_next_ld_env_entry
0 343 2 2 118 25 25 1 0 0 114 21 0 0
fn=_dl_next_tls_modid
0 6 1 1 3 0 0 1 0 0 1 0 0 0
fn=_dl_receive_error
0 28 2 2 10 0 0 12 0 0 0 0 2 2
fn=_dl_relocate_object
0 18882 51 51 5173 672 616 2418 253 241 2789 144 111 13
fn=_dl_runtime_resolve
0 319 4 4 99 0 0 88 0 0 0 0 11 11
fn=_dl_setup_hash
0 88 2 2 28 5 5 24 0 0 4 0 0 0
fn=_dl_sort_fini
0 170 6 6 51 1 0 20 0 0 27 7 0 0
fn=_dl_start
0 620 16 16 128 25 23 55 18 17 110 30 7 1
fn=_dl_sysdep_read_whole_file
0 41 3 3 6 1 1 9 0 0 3 1 0 0
fn=_dl_sysdep_start
0 483 16 15 128 19 17 41 5 5 105 23 18 14
fn=_dl_sysdep_start_cleanup
0 1 1 0 1 0 0 0 0 0 0 0 0 0
fn=_dl_unload_cache
0 10 2 1 3 1 0 2 0 0 1 1 0 0
fn=_dl_vdso_vsym
0 24 2 2 12 1 0 0 0 0 4 4 0 0
fn=_fxstat
0 60 2 2 6 0 0 0 0 0 12 0 0 0
fn=_init
0 60 5 5 14 2 0 18 4 3 4 2 0 0
fn=_int_malloc
0 6227021856 49 49 1676505731 6 3 838253010 4 4 958003326 54 2 2
fn=_itoa_word
0 128 3 3 11 1 1 9 0 0 11 10 0 0
fn=_setjmp
0 2 1 1 0 0 0 0 0 0 0 0 0 0
fn=_start
0 11 1 1 1 0 0 3 0 0 0 0 0 0
fn=access
0 9 1 1 1 0 0 1 0 0 1 1 0 0
fn=bcmp
0 1041 12 12 244 11 11 76 3 3 182 59 0 0
fn=brk
0 47 3 3 7 0 0 4 1 1 8 0 0 0
fn=call_init.part.0
0 155 4 4 58 4 0 28 0 0 17 3 4 4
fn=calloc
0 64 1 1 0 0 0 0 0 0 8 8 0 0
fn=check_match.isra.0
0 5440 7 6 1904 44 16 613 5 0 809 28 0 0
fn=close
0 15 1 1 3 0 0 0 0 0 3 0 0 0
fn=dl_main
0 1056 73 73 213 24 18 140 17 17 213 82 1 1
fn=do_lookup_x
0 27045 17 17 9443 202 134 4190 9 0 3917 292 0 0
fn=do_preload
0 28 3 3 7 0 0 8 0 0 1 1 0 0
fn=exit
0 4 1 1 0 0 0 1 0 0 0 0 0 0
fn=fclose@@GLIBC_2.2.5
0 65 8 8 26 2 0 9 0 0 15 8 1 1
fn=fopen@@GLIBC_2.2.5
0 2 1 1 0 0 0 0 0 0 0 0 0 0
fn=fread
0 52 6 6 18 0 0 7 0 0 10 5 0 0
fn=free
0 8622029000 15 15 2275257654 0 0 838252824 0 0 1916006452 19958431 0 0
fn=fseek
0 78 4 4 30 0 0 8 0 0 16 10 0 0
fn=ftell
0 41 6 6 15 0 0 4 0 0 10 7 0 0
fn=gettimeofday
0 14 1 1 1 0 0 5 0 0 0 0 0 0
fn=handle_intel.isra.0
0 94 5 5 14 0 0 26 0 0 6 2 0 0
fn=index
0 163 5 5 21 2 2 0 0 0 12 4 0 0
fn=init_cacheinfo
0 147 8 8 6 0 0 12 1 1 24 8 0 0
fn=init_tls
0 65 4 4 14 0 0 13 1 1 12 6 0 0
fn=intel_check_word
0 904 10 10 82 6 6 16 0 0 236 57 0 0
fn=isatty
0 8 1 1 1 0 0 1 1 0 0 0 0 0
fn=lseek
0 4 1 1 2 0 0 0 0 0 2 0 0 0
fn=malloc
0 3951763398 4 4 1317254449 2 0 359251214 0 0 838252829 40 1 1
fn=malloc_consolidate
0 651 4 4 3 0 0 257 32 32 129 10 0 0
fn=malloc_hook_ini
0 38 4 4 12 3 1 5 0 0 8 6 0 0
fn=map_doit
0 14 1 1 5 0 0 3 0 0 0 0 0 0
fn=match_symbol
0 356 5 5 140 14 14 36 0 0 92 12 0 0
fn=memcpy
0 388 6 6 59 0 0 46 8 8 101 56 0 0
fn=memcpy@GLIBC_2.2.5
0 17 2 2 4 0 0 0 0 0 3 0 0 0
fn=mempcpy
0 143 5 5 21 1 1 16 3 3 38 20 0 0
fn=memset
0 2510 1 1 11 0 0 2444 39 39 2455 54 0 0
fn=mmap
0 66 3 3 11 0 0 0 0 0 11 0 0 0
fn=mprotect
0 30 1 1 6 0 0 0 0 0 6 0 0 0
fn=munmap
0 10 0 0 2 0 0 0 0 0 2 0 0 0
fn=open
0 17 2 2 4 0 0 0 0 0 4 0 0 0
fn=open_verify
0 409 12 12 88 6 6 42 2 2 71 22 0 0
fn=openaux
0 34 2 2 16 0 0 6 0 0 0 0 0 0
fn=printf
0 42 4 4 6 1 0 20 0 0 2 2 0 0
fn=ptmalloc_init.part.8
0 385 7 7 126 40 1 15 4 2 117 21 0 0
fn=read
0 12 2 2 3 0 0 0 0 0 3 0 0 0
fn=rindex
0 24 2 2 2 1 0 0 0 0 3 0 0 0
fn=rtld_lock_default_lock_recursive
0 10 1 1 10 2 1 0 0 0 0 0 0 0
fn=rtld_lock_default_unlock_recursive
0 10 0 0 10 1 0 0 0 0 0 0 0 0
fn=sbrk
0 69 4 4 20 2 0 11 0 0 13 4 0 0
fn=strcasecmp
0 7 2 2 3 1 1 1 0 0 2 1 0 0
fn=strchrnul
0 80 2 2 8 0 0 0 0 0 8 1 0 0
fn=strcmp
0 11936 1 1 3582 36 17 0 0 0 3220 249 0 0
fn=strdup
0 34 1 1 4 0 0 8 0 0 2 0 0 0
fn=strlen
0 597 4 4 70 0 0 0 0 0 147 38 0 0
fn=strncasecmp
0 6 2 2 3 0 0 0 0 0 2 2 0 0
fn=strsep
0 800 2 2 250 0 0 1 0 0 248 15 0 0
fn=tcgetattr
0 15 3 3 2 0 0 1 0 0 1 1 0 0
fn=time
0 14 2 2 1 0 0 5 0 0 0 0 0 0
fn=uname
0 5 1 1 1 0 0 0 0 0 1 0 0 0
fn=version_check_doit
0 10 1 1 4 0 0 2 0 0 1 1 0 0
fn=vfprintf
0 628 47 47 181 8 3 136 8 0 103 62 8 4
fn=write
0 2 1 1 1 0 0 0 0 0 1 0 0 0
summary: 97594157827 1077 1061 51604646939 2500 1991 7919028647 582 522 7832425065 527770778 13506897459 3069689230
