desc: I1 cache:         32768 B, 64 B, 8-way associative
desc: D1 cache:         32768 B, 64 B, 8-way associative
desc: LL cache:         3145728 B, 64 B, 12-way associative
cmd: ./vm ../Common/a.out
events: Ir I1mr ILmr Dr D1mr DLmr Dw D1mw DLmw Bc Bcm Bi Bim
fl=/home/matt/Varsity/Treatise/Work/Virtual Machines/Register Mapped/../Common/utility.c
fn=file_to_memory
45 4 1 1 0 0 0 2 0 0 0 0 0 0
46 5 1 1 1 0 0 2 2 0 0 0 0 0
47 2 0 0 1 0 0 0 0 0 1 1 0 0
50 5 0 0 1 0 0 1 0 0 0 0 0 0
51 4 0 0 1 0 0 2 0 0 0 0 0 0
52 5 1 1 1 0 0 1 0 0 0 0 0 0
54 6 0 0 1 0 0 2 0 0 0 0 0 0
56 12 1 1 4 0 0 1 0 0 1 1 0 0
62 3 0 0 1 0 0 1 0 0 0 0 0 0
63 5 0 0 2 0 0 1 0 0 0 0 0 0
64 1 0 0 1 0 0 0 0 0 0 0 0 0
65 2 0 0 2 0 0 0 0 0 0 0 0 0
fn=main
7 5 1 1 0 0 0 3 0 0 0 0 0 0
8 7 0 0 3 1 0 1 0 0 0 0 0 0
fn=print_int
19 4 1 1 0 0 0 2 0 0 0 0 0 0
20 5 0 0 1 0 0 1 0 0 0 0 0 0
21 3 0 0 2 0 0 0 0 0 0 0 0 0
fl=/home/matt/Varsity/Treatise/Work/Virtual Machines/Register Mapped//codetable.asm
fn=???
2383 1431524770 1 1 1431524770 0 0 0 0 0 0 0 0 0
2384 1431524770 0 0 1431524770 0 0 0 0 0 0 0 0 0
2385 1431524770 0 0 0 0 0 0 0 0 0 0 0 0
2386 1431524770 0 0 0 0 0 0 0 0 0 0 0 0
2388 1431524770 0 0 1431524770 0 0 0 0 0 0 0 0 0
2389 1431524770 0 0 1431524770 0 0 0 0 0 0 0 1431524770 1
2391 2862918479 1 1 2862918479 0 0 0 0 0 0 0 0 0
2392 2862918479 0 0 2862918479 0 0 0 0 0 0 0 0 0
2393 2862918479 0 0 0 0 0 0 0 0 0 0 0 0
2394 2862918479 0 0 0 0 0 0 0 0 0 0 0 0
2396 2862918479 0 0 2862918479 0 0 0 0 0 0 0 0 0
2397 2862918479 0 0 2862918479 64172 23281 0 0 0 0 0 2862918479 131024
5283 1431459240 1 1 0 0 0 0 0 0 0 0 0 0
5285 1431459240 0 0 1431459240 0 0 0 0 0 0 0 0 0
5286 1431459240 0 0 1431459240 0 0 0 0 0 0 0 1431459240 1
5535 1 1 1 1 0 0 0 0 0 0 0 0 0
5536 1 0 0 1 0 0 0 0 0 0 0 0 0
5537 1 0 0 0 0 0 0 0 0 0 0 0 0
5539 1 0 0 1 0 0 0 0 0 0 0 0 0
5540 1 0 0 1 0 0 0 0 0 0 0 1 1
5542 1 0 0 1 0 0 0 0 0 0 0 0 0
5543 1 0 0 1 0 0 0 0 0 0 0 0 0
5544 1 0 0 0 0 0 0 0 0 0 0 0 0
5546 1 0 0 1 0 0 0 0 0 0 0 0 0
5547 1 0 0 1 1 1 0 0 0 0 0 1 1
5549 65531 0 0 65531 0 0 0 0 0 0 0 0 0
5550 65531 0 0 65531 0 0 0 0 0 0 0 0 0
5551 65531 0 0 0 0 0 0 0 0 0 0 0 0
5553 65531 0 0 65531 0 0 0 0 0 0 0 0 0
5554 65531 1 1 65531 0 0 0 0 0 0 0 65531 1
5615 2862984010 1 1 2862984010 0 0 0 0 0 0 0 0 0
5616 2862984010 0 0 2862984010 0 0 0 0 0 0 0 0 0
5618 2862984010 0 0 2862984010 0 0 0 0 0 0 0 0 0
5619 2862984010 0 0 2862984010 0 0 0 0 0 0 0 2862984010 1
5621 2862984010 0 0 2862984010 0 0 0 0 0 0 0 0 0
5622 2862984010 0 0 2862984010 0 0 0 0 0 0 0 0 0
5624 2862984010 0 0 2862984010 0 0 0 0 0 0 0 0 0
5625 2862984010 0 0 2862984010 1 1 0 0 0 0 0 2862984010 1
5683 1431459240 1 1 1431459240 0 0 0 0 0 0 0 0 0
5684 1431459240 0 0 0 0 0 1431459240 4 3 0 0 0 0
5686 1431459240 0 0 1431459240 0 0 0 0 0 0 0 0 0
5687 1431459240 0 0 1431459240 0 0 0 0 0 0 0 1431459240 2
5689 1431524771 0 0 1431524771 0 0 0 0 0 0 0 0 0
5690 1431524771 0 0 0 0 0 1431524771 353458548 89044314 0 0 0 0
5692 1431524771 0 0 1431524771 0 0 0 0 0 0 0 0 0
5693 1431524771 0 0 1431524771 64529 23289 0 0 0 0 0 1431524771 131025
5695 1431524770 0 0 1431524770 0 0 0 0 0 0 0 0 0
5696 1431524770 0 0 0 0 0 1431524770 0 0 0 0 0 0
5698 1431524770 0 0 1431524770 0 0 0 0 0 0 0 0 0
5699 1431524770 0 0 1431524770 0 0 0 0 0 0 0 1431524770 1
13034 2862984010 1 1 2862984010 0 0 0 0 0 0 0 0 0
13035 2862984010 0 0 2862984010 0 0 0 0 0 0 0 0 0
13036 2862984010 0 0 0 0 0 0 0 0 0 0 0 0
13037 2862984010 0 0 0 0 0 0 0 0 2862984010 262022 0 0
13038 1431459240 0 0 0 0 0 0 0 0 1431459240 2 0 0
13043 1431459240 0 0 1431459240 0 0 0 0 0 0 0 0 0
13044 1431459240 0 0 0 0 0 0 0 0 0 0 0 0
13046 1431524770 1 1 1431524770 0 0 0 0 0 0 0 0 0
13048 2862984010 0 0 0 0 0 0 0 0 0 0 0 0
13050 2862984010 0 0 2862984010 0 0 0 0 0 0 0 0 0
13051 2862984010 0 0 2862984010 0 0 0 0 0 0 0 2862984010 131024
13053 1431524770 0 0 1431524770 0 0 0 0 0 0 0 0 0
13054 1431524770 0 0 1431524770 0 0 0 0 0 0 0 0 0
13055 1431524770 0 0 0 0 0 0 0 0 0 0 0 0
13056 1431524770 0 0 0 0 0 0 0 0 1431524770 65533 0 0
13057 65531 0 0 0 0 0 0 0 0 65531 2 0 0
13062 65531 0 0 65531 0 0 0 0 0 0 0 0 0
13063 65531 0 0 0 0 0 0 0 0 0 0 0 0
13065 1431459239 1 1 1431459239 0 0 0 0 0 0 0 0 0
13067 1431524770 0 0 0 0 0 0 0 0 0 0 0 0
13069 1431524770 0 0 1431524770 0 0 0 0 0 0 0 0 0
13070 1431524770 0 0 1431524770 1 1 0 0 0 0 0 1431524770 131062
13576 2862984010 1 1 2862984010 0 0 0 0 0 0 0 0 0
13577 2862984010 0 0 0 0 0 0 0 0 0 0 0 0
13578 2862984010 0 0 0 0 0 0 0 0 0 0 0 0
13579 2862984010 0 0 2862984010 0 0 0 0 0 0 0 0 0
13580 2862984010 0 0 0 0 0 0 0 0 0 0 0 0
13581 2862984010 0 0 0 0 0 0 0 0 0 0 0 0
13582 2862984010 0 0 0 0 0 0 0 0 0 0 0 0
13584 2862984010 0 0 0 0 0 2862984010 0 0 0 0 0 0
13585 17177904060 1 1 0 0 0 17177904060 0 0 0 0 0 0
13586 2862984010 0 0 0 0 0 2862984010 0 0 0 0 0 0
13587 17177904060 0 0 17177904060 0 0 0 0 0 0 0 0 0
13588 2862984010 0 0 2862984010 0 0 0 0 0 0 0 0 0
13590 2862984010 0 0 0 0 0 0 0 0 0 0 0 0
13591 2862984010 0 0 0 0 0 2862984010 16383 16383 0 0 0 0
13592 2862984010 0 0 0 0 0 2862984010 0 0 0 0 0 0
13593 2862984010 0 0 0 0 0 2862984010 353414710 89029076 0 0 0 0
13594 2862984010 0 0 0 0 0 2862984010 0 0 0 0 0 0
13595 2862984010 0 0 0 0 0 2862984010 353420422 89028232 0 0 0 0
13596 2862984010 0 0 0 0 0 2862984010 0 0 0 0 0 0
13597 2862984010 0 0 0 0 0 2862984010 353401984 89012284 0 0 0 0
13598 2862984010 0 0 0 0 0 2862984010 0 0 0 0 0 0
13599 2862984010 0 0 0 0 0 2862984010 353402508 89012298 0 0 0 0
13600 2862984010 0 0 0 0 0 2862984010 0 0 0 0 0 0
13601 2862984010 1 1 0 0 0 0 0 0 0 0 0 0
13602 2862984010 0 0 0 0 0 0 0 0 0 0 0 0
13603 2862984010 0 0 0 0 0 0 0 0 0 0 0 0
13604 2862984010 0 0 0 0 0 0 0 0 0 0 0 0
13606 2862984010 0 0 0 0 0 0 0 0 0 0 0 0
13607 2862984010 0 0 0 0 0 2862984010 353405241 89011850 0 0 0 0
13609 2862984010 0 0 0 0 0 0 0 0 0 0 0 0
13610 2862984010 0 0 2862984010 0 0 0 0 0 0 0 0 0
13611 2862984010 0 0 0 0 0 0 0 0 0 0 0 0
13612 2862984010 0 0 2862984010 0 0 0 0 0 0 0 0 0
13614 2862984010 0 0 0 0 0 0 0 0 0 0 0 0
13615 2862984010 0 0 0 0 0 0 0 0 0 0 0 0
13616 2862984010 0 0 0 0 0 0 0 0 0 0 0 0
13617 2862984010 0 0 0 0 0 0 0 0 0 0 0 0
13618 2862984010 0 0 0 0 0 0 0 0 0 0 0 0
13619 2862984010 0 0 0 0 0 0 0 0 0 0 0 0
13621 2862984010 0 0 0 0 0 0 0 0 0 0 0 0
13623 8588952030 0 0 0 0 0 0 0 0 8588952030 8 0 0
13624 5725968020 0 0 5725968020 0 0 5725968020 353414108 89013140 0 0 0 0
13625 5725968020 0 0 0 0 0 0 0 0 0 0 0 0
13626 5725968020 1 1 0 0 0 0 0 0 0 0 0 0
13629 2862984010 0 0 0 0 0 0 0 0 0 0 0 0
13631 2862984010 0 0 0 0 0 0 0 0 0 0 0 0
13632 2862984010 0 0 0 0 0 0 0 0 0 0 0 0
13633 2862984010 0 0 0 0 0 0 0 0 0 0 0 0
13634 2862984010 0 0 0 0 0 0 0 0 0 0 0 0
13635 2862984010 0 0 0 0 0 0 0 0 0 0 0 0
13636 2862984010 0 0 0 0 0 0 0 0 0 0 0 0
13638 2862984010 0 0 2862984010 0 0 0 0 0 0 0 0 0
13639 2862984010 0 0 2862984010 1 1 0 0 0 0 0 2862984010 1
13642 2862984011 0 0 0 0 0 0 0 0 0 0 0 0
13643 2862984011 0 0 0 0 0 0 0 0 0 0 0 0
13645 2862984011 0 0 2862984011 1413857913 356201459 0 0 0 0 0 0 0
13646 2862984011 0 0 2862984011 0 0 0 0 0 0 0 0 0
13647 2862984011 0 0 2862984011 353459235 89043673 0 0 0 0 0 0 0
13648 2862984011 0 0 2862984011 0 0 0 0 0 0 0 0 0
13649 2862984011 0 0 2862984011 16055 5270 0 0 0 0 0 0 0
13650 2862984011 1 1 2862984011 0 0 0 0 0 0 0 0 0
13652 17177904066 0 0 0 0 0 17177904066 0 0 0 0 0 0
13653 2862984011 0 0 0 0 0 2862984011 0 0 0 0 0 0
13654 17177904066 0 0 17177904066 0 0 0 0 0 0 0 0 0
13656 2862984011 0 0 0 0 0 0 0 0 0 0 0 0
13657 2862984011 0 0 0 0 0 0 0 0 2862984011 1 0 0
13659 2862984010 0 0 0 0 0 0 0 0 0 0 0 0
13661 2862984010 0 0 2862984010 0 0 0 0 0 0 0 0 0
13662 2862984010 0 0 2862984010 1 1 0 0 0 0 0 2862984010 2862918480
15003 6 2 2 0 0 0 6 0 0 0 0 0 0
15004 1 0 0 0 0 0 0 0 0 0 0 0 0
15005 1 0 0 0 0 0 1 0 0 0 0 0 0
15006 6 0 0 6 0 0 0 0 0 0 0 0 0
15008 1 0 0 1 0 0 0 0 0 0 0 0 0
15009 1 0 0 1 0 0 0 0 0 0 0 1 1
fl=/home/matt/Varsity/Treatise/Work/Virtual Machines/Register Mapped//templates/dispatch
fn=???
2 1 0 0 1 0 0 0 0 0 0 0 0 0
3 1 0 0 1 1 1 0 0 0 0 0 1 1
fl=/home/matt/Varsity/Treatise/Work/Virtual Machines/Register Mapped//vm.asm
fn=???
39 1 1 1 0 0 0 0 0 0 0 0 0 0
40 1 0 0 0 0 0 1 0 0 0 0 0 0
42 1 0 0 0 0 0 0 0 0 0 0 0 0
43 1 0 0 0 0 0 0 0 0 1 0 0 0
45 1 0 0 0 0 0 0 0 0 0 0 0 0
48 1 0 0 1 0 0 0 0 0 0 0 0 0
50 1 0 0 0 0 0 0 0 0 0 0 0 0
51 1 0 0 0 0 0 0 0 0 0 0 0 0
52 1 0 0 0 0 0 0 0 0 0 0 0 0
53 1 0 0 0 0 0 0 0 0 0 0 0 0
54 1 0 0 0 0 0 0 0 0 0 0 0 0
56 1 0 0 0 0 0 0 0 0 0 0 0 0
57 1 0 0 0 0 0 0 0 0 0 0 0 0
58 1 1 1 0 0 0 0 0 0 0 0 0 0
59 1 0 0 0 0 0 1 0 0 0 0 0 0
60 1 0 0 0 0 0 1 0 0 0 0 0 0
61 1 0 0 0 0 0 1 0 0 0 0 0 0
62 1 0 0 0 0 0 0 0 0 0 0 0 0
63 1 0 0 1 0 0 0 0 0 0 0 0 0
64 1 0 0 0 0 0 0 0 0 0 0 0 0
65 1 0 0 0 0 0 0 0 0 0 0 0 0
66 1 0 0 0 0 0 1 0 0 0 0 0 0
67 1 0 0 0 0 0 0 0 0 0 0 0 0
68 1 0 0 0 0 0 0 0 0 0 0 0 0
69 1 0 0 0 0 0 0 0 0 0 0 0 0
70 1 0 0 0 0 0 1 0 0 0 0 0 0
75 1 0 0 0 0 0 0 0 0 0 0 0 0
83 1 1 1 0 0 0 0 0 0 0 0 0 0
84 1 1 1 0 0 0 1 0 0 0 0 0 0
fl=???
fn=(below main)
0 58 4 4 17 2 0 16 0 0 7 0 2 2
fn=???
0 5725968233 26 22 5725968130 64235 22628 36 1 1 11 5 5725968094 24
fn=_Exit
0 8 2 2 1 0 0 0 0 0 0 0 0 0
fn=_IO_cleanup
0 100 8 8 30 1 1 17 0 0 21 11 1 1
fn=_IO_default_finish
0 19 3 3 7 0 0 2 0 0 4 3 0 0
fn=_IO_default_setbuf
0 38 4 4 8 0 0 14 0 0 4 2 1 1
fn=_IO_default_xsputn
0 63 3 3 13 0 0 11 1 1 10 5 0 0
fn=_IO_do_write@@GLIBC_2.2.5
0 56 5 5 16 0 0 11 0 0 8 3 1 1
fn=_IO_doallocbuf
0 36 2 2 16 1 1 8 1 1 6 4 2 1
fn=_IO_file_close
0 2 1 1 1 0 0 0 0 0 0 0 0 0
fn=_IO_file_close_it@@GLIBC_2.2.5
0 48 4 4 10 0 0 16 0 0 4 2 1 1
fn=_IO_file_doallocate
0 102 5 5 22 3 2 14 1 1 12 2 2 1
fn=_IO_file_finish@@GLIBC_2.2.5
0 8 2 2 2 0 0 1 0 0 1 1 0 0
fn=_IO_file_fopen@@GLIBC_2.2.5
0 76 9 9 13 1 1 11 0 0 15 5 0 0
fn=_IO_file_init@@GLIBC_2.2.5
0 13 2 2 4 0 0 5 0 0 0 0 0 0
fn=_IO_file_overflow@@GLIBC_2.2.5
0 70 6 6 16 0 0 16 0 0 12 6 0 0
fn=_IO_file_read
0 4 1 1 2 0 0 0 0 0 1 1 0 0
fn=_IO_file_seek
0 4 1 1 2 0 0 0 0 0 0 0 0 0
fn=_IO_file_seekoff@@GLIBC_2.2.5
0 213 16 16 61 0 0 39 0 0 36 13 4 4
fn=_IO_file_setbuf@@GLIBC_2.2.5
0 15 1 1 3 0 0 8 0 0 1 0 0 0
fn=_IO_file_stat
0 12 1 1 3 0 0 0 0 0 0 0 0 0
fn=_IO_file_sync@@GLIBC_2.2.5
0 13 3 3 6 0 0 2 0 0 2 1 0 0
fn=_IO_file_write@@GLIBC_2.2.5
0 36 2 2 8 0 0 5 0 0 5 3 0 0
fn=_IO_file_xsgetn
0 33 4 4 10 0 0 6 0 0 3 1 0 0
fn=_IO_file_xsputn@@GLIBC_2.2.5
0 109 5 5 25 1 1 16 1 1 13 3 1 1
fn=_IO_flush_all_lockp
0 96 8 8 27 7 7 13 0 0 22 15 1 1
fn=_IO_link_in
0 85 9 9 30 3 2 16 0 0 18 10 0 0
fn=_IO_no_init
0 33 3 3 5 0 0 20 2 2 1 0 0 0
fn=_IO_old_init
0 25 3 3 2 0 0 19 2 2 1 0 0 0
fn=_IO_seekoff_unlocked
0 47 2 2 11 1 0 3 0 0 10 3 3 1
fn=_IO_setb
0 76 1 1 19 0 0 18 1 1 4 3 0 0
fn=_IO_sgetn
0 3 1 1 2 0 0 0 0 0 0 0 1 1
fn=_IO_un_link
0 91 11 11 32 0 0 15 0 0 20 11 0 0
fn=_IO_unsave_markers
0 7 2 2 3 0 0 0 0 0 2 2 0 0
fn=__GI_memcpy
0 364 5 5 118 15 14 117 14 14 34 8 0 0
fn=__GI_mempcpy
0 18 3 3 2 0 0 1 0 0 6 4 0 0
fn=__GI_strstr
0 24 6 6 9 1 1 6 0 0 2 2 0 0
fn=__call_tls_dtors
0 12 3 3 5 0 0 4 0 0 1 1 0 0
fn=__close_nocancel
0 5 1 1 1 0 0 0 0 0 1 0 0 0
fn=__ctype_init
0 16 2 2 10 1 0 3 0 0 0 0 0 0
fn=__cxa_atexit
0 22 2 2 5 0 0 8 0 0 1 0 0 0
fn=__cxa_finalize
0 46 4 4 12 2 2 6 0 0 7 1 0 0
fn=__default_morecore
0 392 1 1 56 0 0 56 1 0 0 0 0 0
fn=__fopen_internal
0 39 3 3 4 0 0 10 1 1 2 0 0 0
fn=__fopen_maybe_mmap
0 4 1 1 2 0 0 0 0 0 1 1 0 0
fn=__init_cpu_features
0 79 9 9 9 2 2 13 0 0 13 5 1 1
fn=__init_misc
0 24 2 2 7 0 0 5 1 0 2 0 0 0
fn=__libc_csu_init
0 34 2 2 8 1 0 8 0 0 2 0 1 1
fn=__libc_memalign
0 535 4 4 104 0 0 102 1 1 60 20 0 0
fn=__linkin_atfork
0 9 2 2 4 2 0 1 0 0 2 1 0 0
fn=__lseek_nocancel
0 10 0 0 2 0 0 0 0 0 2 0 0 0
fn=__new_exitfn
0 38 6 6 11 5 3 5 0 0 7 6 0 0
fn=__open_nocancel
0 5 1 1 1 0 0 0 0 0 1 0 0 0
fn=__read_nocancel
0 5 0 0 1 0 0 0 0 0 1 1 0 0
fn=__run_exit_handlers
0 56 5 5 9 3 3 10 0 0 9 2 2 2
fn=__sigjmp_save
0 9 0 0 2 0 0 2 0 0 1 1 0 0
fn=__sigsetjmp
0 79 4 4 19 0 0 32 1 1 0 0 0 0
fn=__tls_get_addr
0 11 2 2 7 3 3 0 0 0 2 0 0 0
fn=__unregister_atfork
0 13 2 2 5 1 1 1 0 0 3 2 0 0
fn=__write_nocancel
0 5 0 0 1 0 0 0 0 0 1 0 0 0
fn=_dl_add_to_namespace_list
0 103 2 2 29 0 0 23 0 0 8 5 6 2
fn=_dl_add_to_slotinfo
0 24 2 2 9 3 0 6 0 0 1 0 0 0
fn=_dl_addr
0 56044 10 10 13650 1012 858 17 1 0 12809 1988 2 2
fn=_dl_allocate_tls_init
0 78 6 6 25 2 0 13 0 0 8 2 0 0
fn=_dl_allocate_tls_storage
0 323 3 3 7 0 0 296 37 37 290 10 0 0
fn=_dl_cache_libcmp
0 735 4 4 112 10 10 0 0 0 203 35 0 0
fn=_dl_catch_error
0 120 4 4 33 0 0 60 6 6 3 0 6 3
fn=_dl_check_all_versions
0 75 2 2 13 0 0 8 0 0 9 3 0 0
fn=_dl_check_map_versions
0 1233 13 13 403 6 6 167 13 13 146 53 0 0
fn=_dl_count_modids
0 4 1 1 3 0 0 0 0 0 1 0 0 0
fn=_dl_debug_initialize
0 41 3 3 13 2 1 4 0 0 12 11 0 0
fn=_dl_debug_state
0 2 0 0 2 0 0 0 0 0 0 0 0 0
fn=_dl_determine_tlsoffset
0 56 5 5 11 0 0 8 0 0 4 1 0 0
fn=_dl_discover_osversion
0 80 5 5 14 1 1 7 1 1 14 8 0 0
fn=_dl_find_dso_for_object
0 30 3 3 12 0 0 0 0 0 11 5 0 0
fn=_dl_fini
0 257 10 10 88 19 19 36 3 3 48 10 6 6
fn=_dl_fixup
0 883 6 6 348 52 30 110 0 0 99 12 0 0
fn=_dl_important_hwcaps
0 259 18 18 51 0 0 44 2 2 31 14 0 0
fn=_dl_init
0 86 5 5 24 1 0 12 0 0 12 5 0 0
fn=_dl_init_paths
0 91 10 10 14 0 0 33 2 2 7 3 0 0
fn=_dl_initial_error_catch_tsd
0 8 0 0 4 0 0 0 0 0 0 0 0 0
fn=_dl_load_cache_lookup
0 323 15 15 58 9 9 32 0 0 56 9 0 0
fn=_dl_lookup_symbol_x
0 19721 10 10 4264 108 96 2473 14 5 2322 160 0 0
fn=_dl_map_object
0 415 26 26 86 0 0 67 4 4 68 22 0 0
fn=_dl_map_object_deps
0 1082 37 37 224 1 1 124 1 1 233 50 0 0
fn=_dl_map_object_from_fd
0 1729 49 49 363 17 17 199 22 22 336 94 0 0
fn=_dl_name_match_p
0 1535 3 3 397 4 1 228 1 1 229 40 0 0
fn=_dl_new_object
0 605 15 15 106 4 4 115 26 26 90 43 0 0
fn=_dl_next_ld_env_entry
0 343 2 2 118 25 25 1 0 0 114 21 0 0
fn=_dl_next_tls_modid
0 6 1 1 3 0 0 1 0 0 1 0 0 0
fn=_dl_receive_error
0 28 2 2 10 0 0 12 0 0 0 0 2 2
fn=_dl_relocate_object
0 18882 51 51 5173 672 616 2418 253 241 2789 144 111 13
fn=_dl_runtime_resolve
0 319 4 4 99 0 0 88 1 1 0 0 11 11
fn=_dl_setup_hash
0 88 2 2 28 5 5 24 0 0 4 0 0 0
fn=_dl_sort_fini
0 170 6 6 51 1 1 20 0 0 27 8 0 0
fn=_dl_start
0 620 16 16 128 25 23 55 18 17 110 30 7 1
fn=_dl_sysdep_read_whole_file
0 41 3 3 6 1 1 9 0 0 3 1 0 0
fn=_dl_sysdep_start
0 483 16 15 128 19 17 41 5 5 105 23 18 14
fn=_dl_sysdep_start_cleanup
0 1 1 0 1 0 0 0 0 0 0 0 0 0
fn=_dl_unload_cache
0 10 2 1 3 1 0 2 0 0 1 1 0 0
fn=_dl_vdso_vsym
0 24 2 2 12 1 0 0 0 0 4 4 0 0
fn=_fxstat
0 60 2 2 6 0 0 0 0 0 12 0 0 0
fn=_init
0 60 5 5 14 2 0 18 4 3 4 2 0 0
fn=_int_malloc
0 148881729565 48 48 40082105471 353653860 89091930 20042068431 129823 88707 22904463337 65836 56 2
fn=_itoa_word
0 70 3 3 6 1 1 5 0 0 6 5 0 0
fn=_setjmp
0 2 1 1 0 0 0 0 0 0 0 0 0 0
fn=_start
0 11 1 1 1 0 0 3 0 0 0 0 0 0
fn=access
0 9 1 1 1 0 0 1 0 0 1 1 0 0
fn=bcmp
0 1041 12 12 244 11 11 76 3 3 182 59 0 0
fn=brk
0 1343 3 3 223 0 0 112 1 1 224 0 0 0
fn=call_init.part.0
0 155 4 4 58 4 0 28 0 0 17 3 4 4
fn=calloc
0 64 1 1 0 0 0 0 0 0 8 8 0 0
fn=check_match.isra.0
0 5440 7 7 1904 47 23 613 6 3 809 28 0 0
fn=close
0 15 1 1 3 0 0 0 0 0 3 0 0 0
fn=dl_main
0 1056 73 73 213 24 18 140 17 17 213 82 1 1
fn=do_lookup_x
0 27045 17 17 9443 219 159 4190 13 6 3917 292 0 0
fn=do_preload
0 28 3 3 7 0 0 8 0 0 1 1 0 0
fn=exit
0 4 1 1 0 0 0 1 0 0 0 0 0 0
fn=fclose@@GLIBC_2.2.5
0 65 8 8 26 2 0 9 0 0 15 8 1 1
fn=fopen@@GLIBC_2.2.5
0 2 1 1 0 0 0 0 0 0 0 0 0 0
fn=fread
0 52 6 6 18 0 0 7 0 0 10 5 0 0
fn=free
0 206134848892 15 15 54396696236 353531424 89068640 20040888089 0 0 45807744202 1431459259 0 0
fn=fseek
0 78 4 4 30 0 0 8 0 0 16 10 0 0
fn=ftell
0 41 6 6 15 0 0 4 0 0 10 7 0 0
fn=gettimeofday
0 14 1 1 1 0 0 5 0 0 0 0 0 0
fn=handle_intel.isra.0
0 94 5 5 14 0 0 26 0 0 6 2 0 0
fn=index
0 163 5 5 21 2 2 0 0 0 12 4 0 0
fn=init_cacheinfo
0 147 8 8 6 0 0 12 1 1 24 8 0 0
fn=init_tls
0 65 4 4 14 0 0 13 1 1 12 6 0 0
fn=intel_check_word
0 904 10 10 82 6 6 16 0 0 236 57 0 0
fn=isatty
0 8 1 1 1 0 0 1 1 1 0 0 0 0
fn=lseek
0 4 1 1 2 0 0 0 0 0 2 0 0 0
fn=malloc
0 94478472462 4 4 31492824137 2 0 8588952038 0 0 20040888085 41 1 1
fn=malloc_consolidate
0 6753 6 6 2163 0 0 797 86 53 1857 132 0 0
fn=malloc_hook_ini
0 38 4 4 12 3 1 5 0 0 8 6 0 0
fn=map_doit
0 14 1 1 5 0 0 3 0 0 0 0 0 0
fn=match_symbol
0 356 5 5 140 14 14 36 0 0 92 12 0 0
fn=memcpy
0 388 6 6 59 0 0 46 8 8 101 56 0 0
fn=memcpy@GLIBC_2.2.5
0 17 2 2 4 0 0 0 0 0 3 0 0 0
fn=mempcpy
0 143 5 5 21 1 1 16 3 3 38 20 0 0
fn=memset
0 2510 1 1 11 0 0 2444 39 39 2455 54 0 0
fn=mmap
0 66 3 3 11 0 0 0 0 0 11 0 0 0
fn=mprotect
0 30 1 1 6 0 0 0 0 0 6 0 0 0
fn=munmap
0 10 0 0 2 0 0 0 0 0 2 0 0 0
fn=open
0 17 2 2 4 0 0 0 0 0 4 0 0 0
fn=open_verify
0 409 12 12 88 6 6 42 2 2 71 22 0 0
fn=openaux
0 34 2 2 16 0 0 6 0 0 0 0 0 0
fn=printf
0 21 4 4 3 2 2 10 0 0 1 1 0 0
fn=ptmalloc_init.part.8
0 385 7 7 126 40 1 15 4 2 117 21 0 0
fn=read
0 12 2 2 3 0 0 0 0 0 3 0 0 0
fn=rindex
0 24 2 2 2 1 0 0 0 0 3 0 0 0
fn=rtld_lock_default_lock_recursive
0 10 1 1 10 2 1 0 0 0 0 0 0 0
fn=rtld_lock_default_unlock_recursive
0 10 0 0 10 1 0 0 0 0 0 0 0 0
fn=sbrk
0 1743 4 4 452 164 57 281 0 0 391 6 0 0
fn=strcasecmp
0 7 2 2 3 1 1 1 0 0 2 1 0 0
fn=strchrnul
0 40 2 2 4 1 1 0 0 0 4 1 0 0
fn=strcmp
0 11936 1 1 3582 42 24 0 0 0 3220 249 0 0
fn=strdup
0 34 1 1 4 0 0 8 0 0 2 0 0 0
fn=strlen
0 597 4 4 70 0 0 0 0 0 147 38 0 0
fn=strncasecmp
0 6 2 2 3 0 0 0 0 0 2 2 0 0
fn=strsep
0 800 2 2 250 0 0 1 0 0 248 15 0 0
fn=tcgetattr
0 15 3 3 2 0 0 1 0 0 1 1 0 0
fn=time
0 14 2 2 1 0 0 5 0 0 0 0 0 0
fn=uname
0 5 1 1 1 0 0 0 0 0 1 0 0 0
fn=version_check_doit
0 10 1 1 4 0 0 2 0 0 1 1 0 0
fn=vfprintf
0 309 46 46 90 11 11 67 8 8 51 30 4 4
fn=write
0 2 1 1 1 0 0 0 0 0 1 0 0 0
summary: 831704083320 1032 1025 292025072721 2474714096 623482301 133129986243 2474064369 623256852 105931100425 1431856947 31492889979 2863442739
