desc: I1 cache:         32768 B, 64 B, 8-way associative
desc: D1 cache:         32768 B, 64 B, 8-way associative
desc: LL cache:         3145728 B, 64 B, 12-way associative
cmd: ./vm ../Common/a.out
events: Ir I1mr ILmr Dr D1mr DLmr Dw D1mw DLmw Bc Bcm Bi Bim
fl=/home/matt/Varsity/Treatise/Work/Virtual Machines/Register Mapped/../Common/utility.c
fn=file_to_memory
45 4 1 1 0 0 0 2 0 0 0 0 0 0
46 5 1 1 1 0 0 2 2 0 0 0 0 0
47 2 0 0 1 0 0 0 0 0 1 1 0 0
50 5 0 0 1 0 0 1 0 0 0 0 0 0
51 4 0 0 1 0 0 2 0 0 0 0 0 0
52 5 1 1 1 0 0 1 0 0 0 0 0 0
54 6 0 0 1 0 0 2 0 0 0 0 0 0
56 12 1 1 4 0 0 1 0 0 1 1 0 0
62 3 0 0 1 0 0 1 0 0 0 0 0 0
63 5 0 0 2 0 0 1 0 0 0 0 0 0
64 1 0 0 1 0 0 0 0 0 0 0 0 0
65 2 0 0 2 0 0 0 0 0 0 0 0 0
fn=main
7 5 1 1 0 0 0 3 0 0 0 0 0 0
8 7 0 0 3 1 0 1 0 0 0 0 0 0
fn=print_int
19 313992 1 1 0 0 0 156996 0 0 0 0 0 0
20 392490 0 0 78498 0 0 78498 0 0 0 0 0 0
21 235494 0 0 156996 0 0 0 0 0 0 0 0 0
fl=/home/matt/Varsity/Treatise/Work/Virtual Machines/Register Mapped//codetable.asm
fn=???
2391 999999 1 1 999999 0 0 0 0 0 0 0 0 0
2392 999999 0 0 999999 0 0 0 0 0 0 0 0 0
2393 999999 0 0 0 0 0 0 0 0 0 0 0 0
2394 999999 0 0 0 0 0 0 0 0 0 0 0 0
2396 999999 0 0 999999 0 0 0 0 0 0 0 0 0
2397 999999 0 0 999999 1 1 0 0 0 0 0 999999 1
3076 3084786719 1 1 0 0 0 0 0 0 0 0 0 0
3077 3084786719 0 0 0 0 0 0 0 0 0 0 0 0
3078 3084786719 0 0 0 0 0 0 0 0 0 0 0 0
3080 3084786719 0 0 0 0 0 0 0 0 0 0 0 0
3084 3084786719 0 0 0 0 0 0 0 0 0 0 0 0
3087 3084786719 0 0 0 0 0 0 0 0 0 0 0 0
3088 3084786719 0 0 0 0 0 0 0 0 0 0 0 0
3089 3084786719 0 0 0 0 0 0 0 0 0 0 0 0
3091 3084786719 0 0 3084786719 0 0 0 0 0 0 0 0 0
3092 3084786719 1 1 3084786719 1 1 0 0 0 0 0 3084786719 1
5293 78497 1 1 0 0 0 0 0 0 0 0 0 0
5295 78497 0 0 78497 0 0 0 0 0 0 0 0 0
5296 78497 0 0 78497 0 0 0 0 0 0 0 78497 1
5338 1 1 1 0 0 0 0 0 0 0 0 0 0
5340 1 0 0 1 0 0 0 0 0 0 0 0 0
5341 1 0 0 1 0 0 0 0 0 0 0 1 1
5399 1 1 1 0 0 0 0 0 0 0 0 0 0
5401 1 1 1 1 0 0 0 0 0 0 0 0 0
5402 1 0 0 1 0 0 0 0 0 0 0 1 1
5459 999999 1 1 0 0 0 0 0 0 0 0 0 0
5461 999999 0 0 999999 0 0 0 0 0 0 0 0 0
5462 999999 0 0 999999 1 1 0 0 0 0 0 999999 1
5484 1 1 1 0 0 0 0 0 0 0 0 0 0
5486 1 0 0 1 0 0 0 0 0 0 0 0 0
5487 1 0 0 1 1 1 0 0 0 0 0 1 1
5542 1 1 1 1 0 0 0 0 0 0 0 0 0
5543 1 0 0 1 0 0 0 0 0 0 0 0 0
5544 1 0 0 0 0 0 0 0 0 0 0 0 0
5546 1 0 0 1 0 0 0 0 0 0 0 0 0
5547 1 0 0 1 1 1 0 0 0 0 0 1 1
5549 1 0 0 1 0 0 0 0 0 0 0 0 0
5550 1 0 0 1 0 0 0 0 0 0 0 0 0
5551 1 0 0 0 0 0 0 0 0 0 0 0 0
5553 1 0 0 1 0 0 0 0 0 0 0 0 0
5554 1 1 1 1 1 1 0 0 0 0 0 1 1
5588 1 1 1 0 0 0 0 0 0 0 0 0 0
5590 1 0 0 1 0 0 0 0 0 0 0 0 0
5591 1 0 0 1 0 0 0 0 0 0 0 1 1
5615 78497 1 1 78497 0 0 0 0 0 0 0 0 0
5616 78497 0 0 78497 0 0 0 0 0 0 0 0 0
5618 78497 0 0 78497 0 0 0 0 0 0 0 0 0
5619 78497 0 0 78497 0 0 0 0 0 0 0 78497 1
5621 78497 0 0 78497 0 0 0 0 0 0 0 0 0
5622 78497 0 0 78497 0 0 0 0 0 0 0 0 0
5624 78497 0 0 78497 0 0 0 0 0 0 0 0 0
5625 78497 0 0 78497 78206 44887 0 0 0 0 0 78497 1
5646 78497 1 1 78497 0 0 0 0 0 0 0 0 0
5647 78497 0 0 78497 78261 26944 0 0 0 0 0 0 0
5649 78497 0 0 78497 0 0 0 0 0 0 0 0 0
5650 78497 0 0 78497 0 0 0 0 0 0 0 78497 1
5683 78497 0 0 78497 0 0 0 0 0 0 0 0 0
5684 78497 0 0 0 0 0 78497 78246 53185 0 0 0 0
5686 78497 0 0 78497 0 0 0 0 0 0 0 0 0
5687 78497 0 0 78497 0 0 0 0 0 0 0 78497 1
5689 78498 1 1 78498 0 0 0 0 0 0 0 0 0
5690 78498 0 0 0 0 0 78498 0 0 0 0 0 0
5692 78498 0 0 78498 0 0 0 0 0 0 0 0 0
5693 78498 0 0 78498 2 2 0 0 0 0 0 78498 78498
5763 78498 1 1 78498 0 0 0 0 0 0 0 0 0
5764 78498 0 0 78498 78248 44824 0 0 0 0 0 0 0
5766 78498 0 0 78498 0 0 0 0 0 0 0 0 0
5767 78498 0 0 78498 78282 46113 0 0 0 0 0 78498 1
5793 78498 1 1 78498 0 0 0 0 0 0 0 0 0
5794 78498 0 0 78498 75703 75678 0 0 0 0 0 0 0
5796 78498 0 0 78498 0 0 0 0 0 0 0 0 0
5797 78498 0 0 78498 1 1 0 0 0 0 0 78498 1
5883 3084786719 1 1 3084786719 0 0 0 0 0 0 0 0 0
5884 3084786719 0 0 3084786719 2945142619 2350239582 0 0 0 0 0 0 0
5886 3084786719 0 0 3084786719 0 0 0 0 0 0 0 0 0
5887 3084786719 0 0 3084786719 1 1 0 0 0 0 0 3084786719 78496
5974 78498 1 1 78498 0 0 0 0 0 0 0 0 0
5975 78498 0 0 78498 28175 11342 0 0 0 0 0 0 0
5977 78498 0 0 78498 0 0 0 0 0 0 0 0 0
5978 78498 0 0 78498 0 0 0 0 0 0 0 78498 1
6016 3084865217 1 1 3084865217 0 0 0 0 0 0 0 0 0
6017 3084865217 0 0 3084865217 28429 28419 0 0 0 0 0 0 0
6019 3084865217 0 0 3084865217 0 0 0 0 0 0 0 0 0
6020 3084865217 0 0 3084865217 1 1 0 0 0 0 0 3084865217 1
6028 3085786716 1 1 3085786716 0 0 0 0 0 0 0 0 0
6029 3085786716 0 0 3085786716 1427479548 1113506348 0 0 0 0 0 0 0
6031 3085786716 0 0 3085786716 0 0 0 0 0 0 0 0 0
6032 3085786716 0 0 3085786716 7537 44 0 0 0 0 0 3085786716 1843005
6100 921502 1 1 921502 0 0 0 0 0 0 0 0 0
6101 921502 0 0 921502 471559 471558 0 0 0 0 0 0 0
6103 921502 0 0 921502 0 0 0 0 0 0 0 0 0
6104 921502 0 0 921502 8865 67 0 0 0 0 0 921502 1
6480 1000000 1 1 1000000 1 1 0 0 0 0 0 0 0
6481 1000000 0 0 0 0 0 1000000 0 0 0 0 0 0
6483 1000000 0 0 1000000 0 0 0 0 0 0 0 0 0
6484 1000000 0 0 1000000 2 2 0 0 0 0 0 1000000 2
6516 999999 1 1 999999 0 0 0 0 0 0 0 0 0
6517 999999 0 0 0 0 0 999999 0 0 0 0 0 0
6519 999999 0 0 999999 0 0 0 0 0 0 0 0 0
6520 999999 0 0 999999 1 1 0 0 0 0 0 999999 1
6522 921502 0 0 921502 0 0 0 0 0 0 0 0 0
6523 921502 1 1 0 0 0 921502 0 0 0 0 0 0
6525 921502 0 0 921502 0 0 0 0 0 0 0 0 0
6526 921502 0 0 921502 0 0 0 0 0 0 0 921502 1
12391 3084943714 1 1 3084943714 0 0 0 0 0 0 0 0 0
12392 3084943714 0 0 0 0 0 0 0 0 0 0 0 0
12394 3084943714 0 0 3084943714 0 0 0 0 0 0 0 0 0
12395 3084943714 0 0 3084943714 0 0 0 0 0 0 0 3084943714 156993
12606 999999 1 1 0 0 0 0 0 0 0 0 0 0
12607 999999 0 0 0 0 0 0 0 0 999999 1 0 0
12608 999998 0 0 0 0 0 0 0 0 999998 1 0 0
12610 999997 0 0 999997 0 0 0 0 0 0 0 0 0
12611 999997 0 0 0 0 0 0 0 0 0 0 0 0
12613 1 0 0 1 0 0 0 0 0 0 0 0 0
12614 1 0 0 0 0 0 0 0 0 0 0 0 0
12616 1 0 0 1 0 0 0 0 0 0 0 0 0
12618 999999 0 0 0 0 0 0 0 0 0 0 0 0
12620 999999 0 0 999999 0 0 0 0 0 0 0 0 0
12621 999999 0 0 999999 1 1 0 0 0 0 0 999999 2
13015 3084786719 1 1 3084786719 0 0 0 0 0 0 0 0 0
13016 3084786719 0 0 3084786719 0 0 0 0 0 0 0 0 0
13017 3084786719 0 0 0 0 0 0 0 0 0 0 0 0
13018 3084786719 0 0 0 0 0 0 0 0 3084786719 293403 0 0
13019 921502 0 0 0 0 0 0 0 0 921502 4 0 0
13024 921502 0 0 921502 0 0 0 0 0 0 0 0 0
13025 921502 0 0 0 0 0 0 0 0 0 0 0 0
13027 3083865217 0 0 3083865217 0 0 0 0 0 0 0 0 0
13029 3084786719 0 0 0 0 0 0 0 0 0 0 0 0
13031 3084786719 0 0 3084786719 0 0 0 0 0 0 0 0 0
13032 3084786719 0 0 3084786719 0 0 0 0 0 0 0 3084786719 843006
13491 156996 1 1 0 0 0 0 0 0 0 0 0 0
13492 156996 0 0 0 0 0 0 0 0 156996 1 0 0
13494 156995 0 0 156995 0 0 0 0 0 0 0 0 0
13495 156995 0 0 0 0 0 0 0 0 0 0 0 0
13497 1 0 0 1 0 0 0 0 0 0 0 0 0
13500 156996 0 0 0 0 0 0 0 0 0 0 0 0
13502 156996 1 1 156996 0 0 0 0 0 0 0 0 0
13503 156996 0 0 156996 156361 106356 0 0 0 0 0 156996 156996
13505 3084943715 0 0 0 0 0 0 0 0 0 0 0 0
13506 3084943715 0 0 0 0 0 0 0 0 3084943715 4 0 0
13508 3084943712 0 0 3084943712 0 0 0 0 0 0 0 0 0
13509 3084943712 0 0 0 0 0 0 0 0 0 0 0 0
13511 3 0 0 3 0 0 0 0 0 0 0 0 0
13514 3084943715 0 0 0 0 0 0 0 0 0 0 0 0
13516 3084943715 0 0 3084943715 1 1 0 0 0 0 0 0 0
13517 3084943715 0 0 3084943715 3 3 0 0 0 0 0 3084943715 7
13533 3084865214 1 1 0 0 0 0 0 0 0 0 0 0
13534 3084865214 0 0 0 0 0 0 0 0 3084865214 78495 0 0
13536 3084786719 0 0 3084786719 0 0 0 0 0 0 0 0 0
13537 3084786719 0 0 0 0 0 0 0 0 0 0 0 0
13539 78495 0 0 78495 0 0 0 0 0 0 0 0 0
13542 3084865214 0 0 0 0 0 0 0 0 0 0 0 0
13544 3084865214 0 0 3084865214 0 0 0 0 0 0 0 0 0
13545 3084865214 0 0 3084865214 78148 50455 0 0 0 0 0 3084865214 156988
13576 78497 1 1 78497 0 0 0 0 0 0 0 0 0
13577 78497 0 0 0 0 0 0 0 0 0 0 0 0
13578 78497 0 0 0 0 0 0 0 0 0 0 0 0
13579 78497 0 0 78497 0 0 0 0 0 0 0 0 0
13580 78497 0 0 0 0 0 0 0 0 0 0 0 0
13581 78497 0 0 0 0 0 0 0 0 0 0 0 0
13582 78497 0 0 0 0 0 0 0 0 0 0 0 0
13584 78497 0 0 0 0 0 78497 0 0 0 0 0 0
13585 470982 1 1 0 0 0 470982 0 0 0 0 0 0
13586 78497 0 0 0 0 0 78497 0 0 0 0 0 0
13587 470982 0 0 470982 0 0 0 0 0 0 0 0 0
13588 78497 0 0 78497 0 0 0 0 0 0 0 0 0
13590 78497 0 0 0 0 0 0 0 0 0 0 0 0
13591 78497 0 0 0 0 0 78497 0 0 0 0 0 0
13592 78497 0 0 0 0 0 78497 0 0 0 0 0 0
13593 78497 0 0 0 0 0 78497 0 0 0 0 0 0
13594 78497 0 0 0 0 0 78497 0 0 0 0 0 0
13595 78497 0 0 0 0 0 78497 0 0 0 0 0 0
13596 78497 0 0 0 0 0 78497 0 0 0 0 0 0
13597 78497 0 0 0 0 0 78497 1 1 0 0 0 0
13598 78497 0 0 0 0 0 78497 0 0 0 0 0 0
13599 78497 0 0 0 0 0 78497 0 0 0 0 0 0
13600 78497 0 0 0 0 0 78497 0 0 0 0 0 0
13601 78497 1 1 0 0 0 0 0 0 0 0 0 0
13602 78497 0 0 0 0 0 0 0 0 0 0 0 0
13603 78497 0 0 0 0 0 0 0 0 0 0 0 0
13604 78497 0 0 0 0 0 0 0 0 0 0 0 0
13606 78497 0 0 0 0 0 0 0 0 0 0 0 0
13607 78497 0 0 0 0 0 78497 0 0 0 0 0 0
13609 78497 0 0 0 0 0 0 0 0 0 0 0 0
13610 78497 0 0 78497 0 0 0 0 0 0 0 0 0
13611 78497 0 0 0 0 0 0 0 0 0 0 0 0
13612 78497 0 0 78497 0 0 0 0 0 0 0 0 0
13614 78497 0 0 0 0 0 0 0 0 0 0 0 0
13615 78497 0 0 0 0 0 0 0 0 0 0 0 0
13616 78497 0 0 0 0 0 0 0 0 0 0 0 0
13617 78497 0 0 0 0 0 0 0 0 0 0 0 0
13618 78497 0 0 0 0 0 0 0 0 0 0 0 0
13619 78497 0 0 0 0 0 0 0 0 0 0 0 0
13621 78497 0 0 0 0 0 0 0 0 0 0 0 0
13623 235491 0 0 0 0 0 0 0 0 235491 3 0 0
13624 156994 0 0 156994 0 0 156994 0 0 0 0 0 0
13625 156994 0 0 0 0 0 0 0 0 0 0 0 0
13626 156994 1 1 0 0 0 0 0 0 0 0 0 0
13629 78497 0 0 0 0 0 0 0 0 0 0 0 0
13631 78497 0 0 0 0 0 0 0 0 0 0 0 0
13632 78497 0 0 0 0 0 0 0 0 0 0 0 0
13633 78497 0 0 0 0 0 0 0 0 0 0 0 0
13634 78497 0 0 0 0 0 0 0 0 0 0 0 0
13635 78497 0 0 0 0 0 0 0 0 0 0 0 0
13636 78497 0 0 0 0 0 0 0 0 0 0 0 0
13638 78497 0 0 78497 0 0 0 0 0 0 0 0 0
13639 78497 0 0 78497 1 1 0 0 0 0 0 78497 1
13642 78498 0 0 0 0 0 0 0 0 0 0 0 0
13643 78498 0 0 0 0 0 0 0 0 0 0 0 0
13645 78498 0 0 78498 78180 47757 0 0 0 0 0 0 0
13646 78498 0 0 78498 0 0 0 0 0 0 0 0 0
13647 78498 0 0 78498 0 0 0 0 0 0 0 0 0
13648 78498 0 0 78498 0 0 0 0 0 0 0 0 0
13649 78498 0 0 78498 1 1 0 0 0 0 0 0 0
13650 78498 0 0 78498 0 0 0 0 0 0 0 0 0
13652 470988 0 0 0 0 0 470988 78281 39229 0 0 0 0
13653 78498 0 0 0 0 0 78498 0 0 0 0 0 0
13654 470988 0 0 470988 0 0 0 0 0 0 0 0 0
13656 78498 0 0 0 0 0 0 0 0 0 0 0 0
13657 78498 0 0 0 0 0 0 0 0 78498 1 0 0
13659 78497 0 0 0 0 0 0 0 0 0 0 0 0
13661 78497 0 0 78497 78129 30108 0 0 0 0 0 0 0
13662 78497 0 0 78497 0 0 0 0 0 0 0 78497 1
13665 1 1 1 1 0 0 0 0 0 0 0 0 0
13666 1 0 0 0 0 0 0 0 0 0 0 0 0
13667 1 0 0 0 0 0 0 0 0 0 0 0 0
13668 1 0 0 1 0 0 0 0 0 0 0 0 0
13669 1 1 1 0 0 0 0 0 0 0 0 0 0
13670 1 0 0 0 0 0 0 0 0 0 0 0 0
13671 1 0 0 0 0 0 1 0 0 0 0 0 0
13672 6 0 0 0 0 0 6 0 0 0 0 0 0
13673 1 0 0 0 0 0 1 0 0 0 0 0 0
13674 6 0 0 6 0 0 0 0 0 0 0 0 0
13675 1 0 0 0 0 0 0 0 0 0 0 0 0
13676 1 0 0 1 0 0 0 0 0 0 0 0 0
13677 1 0 0 0 0 0 0 0 0 0 0 0 0
13678 1 0 0 0 0 0 0 0 0 0 0 0 0
13679 1 0 0 0 0 0 1 0 0 0 0 0 0
13680 1 0 0 0 0 0 0 0 0 0 0 0 0
13682 1 0 0 1 0 0 0 0 0 0 0 0 0
13683 1 0 0 1 1 1 0 0 0 0 0 1 1
13725 999999 1 1 999999 0 0 0 0 0 0 0 0 0
13726 999999 0 0 0 0 0 0 0 0 0 0 0 0
13727 999999 0 0 0 0 0 0 0 0 0 0 0 0
13728 999999 0 0 999999 0 0 0 0 0 0 0 0 0
13729 999999 0 0 0 0 0 0 0 0 0 0 0 0
13730 999999 0 0 0 0 0 0 0 0 0 0 0 0
13731 999999 0 0 0 0 0 999999 0 0 0 0 0 0
13732 5999994 0 0 0 0 0 5999994 0 0 0 0 0 0
13733 999999 0 0 0 0 0 999999 0 0 0 0 0 0
13734 5999994 0 0 4999995 0 0 0 0 0 0 0 0 0
13735 999999 1 1 0 0 0 0 0 0 0 0 0 0
13736 999999 0 0 999999 0 0 0 0 0 0 0 0 0
13737 999999 0 0 0 0 0 0 0 0 0 0 0 0
13738 999999 0 0 0 0 0 0 0 0 0 0 0 0
13739 999999 0 0 0 0 0 999999 0 0 0 0 0 0
13740 999999 0 0 0 0 0 0 0 0 0 0 0 0
13742 999999 0 0 999999 0 0 0 0 0 0 0 0 0
13743 999999 0 0 999999 0 0 0 0 0 0 0 999999 1
15003 470988 2 2 0 0 0 470988 0 0 0 0 0 0
15004 78498 0 0 0 0 0 0 0 0 0 0 0 0
15005 78498 0 0 0 0 0 78498 0 0 0 0 0 0
15006 470988 0 0 470988 0 0 0 0 0 0 0 0 0
15008 78498 0 0 78498 0 0 0 0 0 0 0 0 0
15009 78498 0 0 78498 0 0 0 0 0 0 0 78498 1
fl=/home/matt/Varsity/Treatise/Work/Virtual Machines/Register Mapped//templates/dispatch
fn=???
2 1 0 0 1 0 0 0 0 0 0 0 0 0
3 1 0 0 1 1 1 0 0 0 0 0 1 1
fl=/home/matt/Varsity/Treatise/Work/Virtual Machines/Register Mapped//vm.asm
fn=???
39 1 1 1 0 0 0 0 0 0 0 0 0 0
40 1 0 0 0 0 0 1 0 0 0 0 0 0
42 1 0 0 0 0 0 0 0 0 0 0 0 0
43 1 0 0 0 0 0 0 0 0 1 0 0 0
45 1 0 0 0 0 0 0 0 0 0 0 0 0
48 1 0 0 1 0 0 0 0 0 0 0 0 0
50 1 0 0 0 0 0 0 0 0 0 0 0 0
51 1 0 0 0 0 0 0 0 0 0 0 0 0
52 1 0 0 0 0 0 0 0 0 0 0 0 0
53 1 0 0 0 0 0 0 0 0 0 0 0 0
54 1 0 0 0 0 0 0 0 0 0 0 0 0
56 1 0 0 0 0 0 0 0 0 0 0 0 0
57 1 0 0 0 0 0 0 0 0 0 0 0 0
58 1 1 1 0 0 0 0 0 0 0 0 0 0
59 1 0 0 0 0 0 1 0 0 0 0 0 0
60 1 0 0 0 0 0 1 0 0 0 0 0 0
61 1 0 0 0 0 0 1 0 0 0 0 0 0
62 1 0 0 0 0 0 0 0 0 0 0 0 0
63 1 0 0 1 0 0 0 0 0 0 0 0 0
64 1 0 0 0 0 0 0 0 0 0 0 0 0
65 1 0 0 0 0 0 0 0 0 0 0 0 0
66 1 0 0 0 0 0 1 0 0 0 0 0 0
67 1 0 0 0 0 0 0 0 0 0 0 0 0
68 1 0 0 0 0 0 0 0 0 0 0 0 0
69 1 0 0 0 0 0 0 0 0 0 0 0 0
70 1 0 0 0 0 0 1 0 0 0 0 0 0
75 1 0 0 0 0 0 0 0 0 0 0 0 0
83 1 1 1 0 0 0 0 0 0 0 0 0 0
84 1 1 1 0 0 0 1 0 0 0 0 0 0
fl=???
fn=(below main)
0 58 4 4 17 2 0 16 0 0 7 0 2 2
fn=???
0 1235704 28 25 1235601 156643 80014 36 2 2 11 5 1235565 25
fn=_Exit
0 8 2 2 1 0 0 0 0 0 0 0 0 0
fn=_IO_cleanup
0 100 8 8 30 1 1 17 0 0 21 11 1 1
fn=_IO_default_finish
0 19 3 3 7 0 0 2 0 0 4 3 0 0
fn=_IO_default_setbuf
0 38 4 4 8 0 0 14 0 0 4 2 1 1
fn=_IO_default_xsputn
0 7071 3 3 1467 0 0 1203 115 1 1071 159 0 0
fn=_IO_do_write@@GLIBC_2.2.5
0 6868 5 5 1981 131 0 1452 0 0 925 8 132 1
fn=_IO_doallocbuf
0 36 2 2 16 1 1 8 1 1 6 4 2 1
fn=_IO_file_close
0 2 1 1 1 0 0 0 0 0 0 0 0 0
fn=_IO_file_close_it@@GLIBC_2.2.5
0 48 4 4 10 0 0 16 0 0 4 2 1 1
fn=_IO_file_doallocate
0 102 5 5 22 3 2 14 1 1 12 2 2 1
fn=_IO_file_finish@@GLIBC_2.2.5
0 8 2 2 2 0 0 1 0 0 1 1 0 0
fn=_IO_file_fopen@@GLIBC_2.2.5
0 76 9 9 13 1 1 11 0 0 15 5 0 0
fn=_IO_file_init@@GLIBC_2.2.5
0 13 2 2 4 0 0 5 0 0 0 0 0 0
fn=_IO_file_overflow@@GLIBC_2.2.5
0 2952 6 6 802 0 0 409 0 0 536 48 0 0
fn=_IO_file_read
0 4 1 1 2 0 0 0 0 0 1 1 0 0
fn=_IO_file_seek
0 4 1 1 2 0 0 0 0 0 0 0 0 0
fn=_IO_file_seekoff@@GLIBC_2.2.5
0 213 16 16 61 0 0 39 0 0 36 13 4 4
fn=_IO_file_setbuf@@GLIBC_2.2.5
0 15 1 1 3 0 0 8 0 0 1 0 0 0
fn=_IO_file_stat
0 12 1 1 3 0 0 0 0 0 0 0 0 0
fn=_IO_file_sync@@GLIBC_2.2.5
0 13 3 3 6 0 0 2 0 0 2 1 0 0
fn=_IO_file_write@@GLIBC_2.2.5
0 4752 2 2 1056 0 0 660 129 0 660 6 0 0
fn=_IO_file_xsgetn
0 33 4 4 10 0 0 6 0 0 3 1 0 0
fn=_IO_file_xsputn@@GLIBC_2.2.5
0 7695666 6 6 1648986 1 1 1256156 1 1 863930 72 132 2
fn=_IO_flush_all_lockp
0 96 8 8 27 7 7 13 0 0 22 15 1 1
fn=_IO_link_in
0 85 9 9 30 3 2 16 0 0 18 10 0 0
fn=_IO_no_init
0 33 3 3 5 0 0 20 2 2 1 0 0 0
fn=_IO_old_init
0 25 3 3 2 0 0 19 2 2 1 0 0 0
fn=_IO_seekoff_unlocked
0 47 2 2 11 1 0 3 0 0 10 3 3 1
fn=_IO_setb
0 76 1 1 19 0 0 18 1 1 4 3 0 0
fn=_IO_sgetn
0 3 1 1 2 0 0 0 0 0 0 0 1 1
fn=_IO_un_link
0 91 11 11 32 0 0 15 0 0 20 11 0 0
fn=_IO_unsave_markers
0 7 2 2 3 0 0 0 0 0 2 2 0 0
fn=__GI_memcpy
0 411 6 6 129 16 15 128 16 16 42 12 0 0
fn=__GI_mempcpy
0 3134576 3 3 391249 0 0 234291 7562 63 941748 8531 0 0
fn=__GI_strstr
0 24 6 6 9 1 1 6 0 0 2 2 0 0
fn=__call_tls_dtors
0 12 3 3 5 1 1 4 0 0 1 1 0 0
fn=__close_nocancel
0 5 1 1 1 0 0 0 0 0 1 0 0 0
fn=__ctype_init
0 16 2 2 10 1 0 3 0 0 0 0 0 0
fn=__cxa_atexit
0 22 2 2 5 0 0 8 0 0 1 0 0 0
fn=__cxa_finalize
0 46 4 4 12 2 2 6 0 0 7 1 0 0
fn=__default_morecore
0 602 1 1 86 0 0 86 1 0 0 0 0 0
fn=__fopen_internal
0 39 3 3 4 0 0 10 1 1 2 0 0 0
fn=__fopen_maybe_mmap
0 4 1 1 2 0 0 0 0 0 1 1 0 0
fn=__init_cpu_features
0 79 9 9 9 2 2 13 0 0 13 5 1 1
fn=__init_misc
0 24 2 2 7 0 0 5 1 0 2 0 0 0
fn=__libc_csu_init
0 34 2 2 8 1 0 8 0 0 2 0 1 1
fn=__libc_memalign
0 535 4 4 104 0 0 102 1 1 60 20 0 0
fn=__linkin_atfork
0 9 2 2 4 2 0 1 0 0 2 1 0 0
fn=__lseek_nocancel
0 10 0 0 2 0 0 0 0 0 2 0 0 0
fn=__new_exitfn
0 38 6 6 11 5 3 5 0 0 7 6 0 0
fn=__open_nocancel
0 5 1 1 1 0 0 0 0 0 1 0 0 0
fn=__read_nocancel
0 5 0 0 1 0 0 0 0 0 1 1 0 0
fn=__run_exit_handlers
0 56 5 5 9 3 3 10 0 0 9 2 2 2
fn=__sigjmp_save
0 9 0 0 2 0 0 2 0 0 1 1 0 0
fn=__sigsetjmp
0 79 4 4 19 0 0 32 1 1 0 0 0 0
fn=__tls_get_addr
0 11 2 2 7 3 3 0 0 0 2 0 0 0
fn=__unregister_atfork
0 13 2 2 5 1 1 1 0 0 3 2 0 0
fn=__write_nocancel
0 660 0 0 132 0 0 0 0 0 132 0 0 0
fn=_dl_add_to_namespace_list
0 103 2 2 29 0 0 23 0 0 8 5 6 2
fn=_dl_add_to_slotinfo
0 24 2 2 9 3 0 6 0 0 1 0 0 0
fn=_dl_addr
0 56044 10 10 13650 1012 858 17 1 0 12809 1988 2 2
fn=_dl_allocate_tls_init
0 78 6 6 25 2 0 13 0 0 8 2 0 0
fn=_dl_allocate_tls_storage
0 323 3 3 7 0 0 296 37 37 290 10 0 0
fn=_dl_cache_libcmp
0 735 4 4 112 10 10 0 0 0 203 35 0 0
fn=_dl_catch_error
0 120 4 4 33 0 0 60 6 6 3 0 6 3
fn=_dl_check_all_versions
0 75 2 2 13 0 0 8 0 0 9 3 0 0
fn=_dl_check_map_versions
0 1233 13 13 403 6 6 167 13 13 146 53 0 0
fn=_dl_count_modids
0 4 1 1 3 0 0 0 0 0 1 0 0 0
fn=_dl_debug_initialize
0 41 3 3 13 2 1 4 0 0 12 11 0 0
fn=_dl_debug_state
0 2 0 0 2 0 0 0 0 0 0 0 0 0
fn=_dl_determine_tlsoffset
0 56 5 5 11 0 0 8 0 0 4 1 0 0
fn=_dl_discover_osversion
0 80 5 5 14 1 1 7 1 1 14 8 0 0
fn=_dl_find_dso_for_object
0 30 3 3 12 0 0 0 0 0 11 5 0 0
fn=_dl_fini
0 257 10 10 88 19 19 36 3 3 48 10 6 6
fn=_dl_fixup
0 883 6 6 348 84 63 110 1 1 99 12 0 0
fn=_dl_important_hwcaps
0 259 18 18 51 0 0 44 2 2 31 14 0 0
fn=_dl_init
0 86 5 5 24 1 0 12 0 0 12 5 0 0
fn=_dl_init_paths
0 91 10 10 14 0 0 33 2 2 7 3 0 0
fn=_dl_initial_error_catch_tsd
0 8 0 0 4 0 0 0 0 0 0 0 0 0
fn=_dl_load_cache_lookup
0 323 15 15 58 9 9 32 0 0 56 9 0 0
fn=_dl_lookup_symbol_x
0 19721 10 10 4264 115 103 2473 19 10 2322 161 0 0
fn=_dl_map_object
0 415 26 26 86 0 0 67 4 4 68 22 0 0
fn=_dl_map_object_deps
0 1082 37 37 224 1 1 124 1 1 233 50 0 0
fn=_dl_map_object_from_fd
0 1729 49 49 363 17 17 199 22 22 336 94 0 0
fn=_dl_name_match_p
0 1535 3 3 397 6 3 228 2 2 229 41 0 0
fn=_dl_new_object
0 605 15 15 106 4 4 115 26 26 90 43 0 0
fn=_dl_next_ld_env_entry
0 343 2 2 118 25 25 1 0 0 114 21 0 0
fn=_dl_next_tls_modid
0 6 1 1 3 0 0 1 0 0 1 0 0 0
fn=_dl_receive_error
0 28 2 2 10 0 0 12 0 0 0 0 2 2
fn=_dl_relocate_object
0 18882 51 51 5173 672 616 2418 253 241 2789 144 111 13
fn=_dl_runtime_resolve
0 319 4 4 99 0 0 88 4 4 0 0 11 11
fn=_dl_setup_hash
0 88 2 2 28 5 5 24 0 0 4 0 0 0
fn=_dl_sort_fini
0 170 6 6 51 1 1 20 0 0 27 8 0 0
fn=_dl_start
0 620 16 16 128 25 23 55 18 17 110 30 7 1
fn=_dl_sysdep_read_whole_file
0 41 3 3 6 1 1 9 0 0 3 1 0 0
fn=_dl_sysdep_start
0 483 16 15 128 19 17 41 5 5 105 23 18 14
fn=_dl_sysdep_start_cleanup
0 1 1 0 1 0 0 0 0 0 0 0 0 0
fn=_dl_unload_cache
0 10 2 1 3 1 0 2 0 0 1 1 0 0
fn=_dl_vdso_vsym
0 24 2 2 12 1 0 0 0 0 4 4 0 0
fn=_fxstat
0 60 3 3 6 0 0 0 0 0 12 0 0 0
fn=_init
0 60 5 5 14 2 0 18 4 3 4 2 0 0
fn=_int_malloc
0 156089330 55 54 20100635 488 4 25550563 656725 595827 17629315 200 86 2
fn=_itoa_word
0 6304620 3 3 538468 1 1 459970 0 0 538468 12 0 0
fn=_setjmp
0 2 1 1 0 0 0 0 0 0 0 0 0 0
fn=_start
0 11 1 1 1 0 0 3 0 0 0 0 0 0
fn=access
0 9 1 1 1 0 0 1 0 0 1 1 0 0
fn=bcmp
0 1041 12 12 244 11 11 76 3 3 182 59 0 0
fn=brk
0 2132 3 3 366 0 0 195 24 2 344 2 0 0
fn=call_init.part.0
0 155 4 4 58 4 0 28 0 0 17 3 4 4
fn=calloc
0 64 1 1 0 0 0 0 0 0 8 8 0 0
fn=check_match.isra.0
0 5440 7 7 1904 54 31 613 9 6 809 28 0 0
fn=close
0 15 1 1 3 0 0 0 0 0 3 0 0 0
fn=dl_main
0 1056 73 73 213 24 18 140 17 17 213 82 1 1
fn=do_lookup_x
0 27045 17 17 9443 254 195 4190 20 13 3917 294 0 0
fn=do_preload
0 28 3 3 7 0 0 8 0 0 1 1 0 0
fn=exit
0 4 1 1 0 0 0 1 0 0 0 0 0 0
fn=fclose@@GLIBC_2.2.5
0 65 8 8 26 2 0 9 0 0 15 8 1 1
fn=fopen@@GLIBC_2.2.5
0 2 1 1 0 0 0 0 0 0 0 0 0 0
fn=fread
0 52 6 6 18 0 0 7 0 0 10 5 0 0
fn=free
0 5651956 15 15 1491489 704577 398042 549498 78242 45475 1255994 21 0 0
fn=fseek
0 78 4 4 30 0 0 8 0 0 16 10 0 0
fn=ftell
0 41 6 6 15 0 0 4 0 0 10 7 0 0
fn=gettimeofday
0 14 1 1 1 0 0 5 0 0 0 0 0 0
fn=handle_intel.isra.0
0 94 5 5 14 0 0 26 0 0 6 2 0 0
fn=index
0 163 5 5 21 2 2 0 0 0 12 4 0 0
fn=init_cacheinfo
0 147 8 8 6 0 0 12 1 1 24 8 0 0
fn=init_tls
0 65 4 4 14 0 0 13 1 1 12 6 0 0
fn=intel_check_word
0 904 10 10 82 6 6 16 0 0 236 57 0 0
fn=isatty
0 8 1 1 1 0 0 1 1 1 0 0 0 0
fn=lseek
0 4 1 1 2 0 0 0 0 0 2 0 0 0
fn=malloc
0 35590533 4 4 11863494 234934 169568 3235499 0 0 7549494 45 1 1
fn=malloc_consolidate
0 651 4 4 3 0 0 257 32 32 129 10 0 0
fn=malloc_hook_ini
0 38 4 4 12 3 1 5 0 0 8 6 0 0
fn=map_doit
0 14 1 1 5 0 0 3 0 0 0 0 0 0
fn=match_symbol
0 356 5 5 140 14 14 36 0 0 92 12 0 0
fn=memcpy
0 388 6 6 59 0 0 46 8 8 101 56 0 0
fn=memcpy@GLIBC_2.2.5
0 17 2 2 4 0 0 0 0 0 3 0 0 0
fn=mempcpy
0 143 5 5 21 1 1 16 3 3 38 20 0 0
fn=memset
0 2510 1 1 11 0 0 2444 39 39 2455 54 0 0
fn=mmap
0 204 3 3 34 0 0 0 0 0 34 0 0 0
fn=mprotect
0 30 1 1 6 0 0 0 0 0 6 0 0 0
fn=munmap
0 10 0 0 2 0 0 0 0 0 2 0 0 0
fn=open
0 17 2 2 4 0 0 0 0 0 4 0 0 0
fn=open_verify
0 409 12 12 88 6 6 42 2 2 71 22 0 0
fn=openaux
0 34 2 2 16 0 0 6 0 0 0 0 0 0
fn=printf
0 1648458 4 4 235494 2 2 784980 0 0 78498 3 0 0
fn=ptmalloc_init.part.8
0 385 7 7 126 40 1 15 4 2 117 21 0 0
fn=read
0 12 2 2 3 0 0 0 0 0 3 0 0 0
fn=rindex
0 24 2 2 2 1 0 0 0 0 3 0 0 0
fn=rtld_lock_default_lock_recursive
0 10 1 1 10 2 1 0 0 0 0 0 0 0
fn=rtld_lock_default_unlock_recursive
0 10 0 0 10 1 0 0 0 0 0 0 0 0
fn=sbrk
0 2696 5 4 692 254 0 431 0 0 601 10 0 0
fn=strcasecmp
0 7 2 2 3 1 1 1 0 0 2 1 0 0
fn=strchrnul
0 3139920 2 2 313992 1 1 0 0 0 313992 1 0 0
fn=strcmp
0 11936 1 1 3582 52 35 0 0 0 3220 249 0 0
fn=strdup
0 34 1 1 4 0 0 8 0 0 2 0 0 0
fn=strlen
0 597 4 4 70 0 0 0 0 0 147 38 0 0
fn=strncasecmp
0 6 2 2 3 0 0 0 0 0 2 2 0 0
fn=strsep
0 800 2 2 250 0 0 1 0 0 248 15 0 0
fn=tcgetattr
0 15 3 3 2 0 0 1 0 0 1 1 0 0
fn=time
0 14 2 2 1 0 0 5 0 0 0 0 0 0
fn=uname
0 5 1 1 1 0 0 0 0 0 1 0 0 0
fn=version_check_doit
0 10 1 1 4 0 0 2 0 0 1 1 0 0
fn=vfprintf
0 24334379 46 46 7064820 11 11 5180869 8 8 4081895 106 313992 4
fn=write
0 264 1 1 132 0 0 0 0 0 132 0 0 0
summary: 148396930754 1067 1059 86462027302 4375045897 3465380301 52333148 899930 734348 9291278646 385199 24690256810 3314133
