desc: I1 cache:         32768 B, 64 B, 8-way associative
desc: D1 cache:         32768 B, 64 B, 8-way associative
desc: LL cache:         3145728 B, 64 B, 12-way associative
cmd: ./vm ../Common/a.out
events: Ir I1mr ILmr Dr D1mr DLmr Dw D1mw DLmw Bc Bcm Bi Bim
fl=/home/matt/Varsity/Treatise/Work/Virtual Machines/Register Mapped/../Common/utility.c
fn=file_to_memory
45 4 1 1 0 0 0 2 0 0 0 0 0 0
46 5 1 1 1 0 0 2 2 0 0 0 0 0
47 2 0 0 1 0 0 0 0 0 1 1 0 0
50 5 0 0 1 0 0 1 0 0 0 0 0 0
51 4 0 0 1 0 0 2 0 0 0 0 0 0
52 5 1 1 1 0 0 1 0 0 0 0 0 0
54 6 0 0 1 0 0 2 0 0 0 0 0 0
56 12 1 1 4 0 0 1 0 0 1 1 0 0
62 3 0 0 1 0 0 1 0 0 0 0 0 0
63 5 0 0 2 0 0 1 0 0 0 0 0 0
64 1 0 0 1 0 0 0 0 0 0 0 0 0
65 2 0 0 2 0 0 0 0 0 0 0 0 0
fn=main
7 5 1 1 0 0 0 3 0 0 0 0 0 0
8 7 0 0 3 1 0 1 0 0 0 0 0 0
fl=/home/matt/Varsity/Treatise/Work/Virtual Machines/Register Mapped//codetable.asm
fn=???
2254 18798418560 1 1 0 0 0 0 0 0 0 0 0 0
2256 18798418560 0 0 18798418560 0 0 0 0 0 0 0 0 0
2257 18798418560 0 0 18798418560 0 0 0 0 0 0 0 18798418560 12532279040
2354 256000000 1 1 0 0 0 0 0 0 0 0 0 0
2356 256000000 0 0 256000000 0 0 0 0 0 0 0 0 0
2357 256000000 0 0 256000000 1 1 0 0 0 0 0 256000000 1
2375 32000000 0 0 32000000 0 0 0 0 0 0 0 0 0
2376 32000000 0 0 32000000 0 0 0 0 0 0 0 0 0
2377 32000000 0 0 0 0 0 0 0 0 0 0 0 0
2378 32000000 0 0 0 0 0 0 0 0 0 0 0 0
2380 32000000 0 0 32000000 0 0 0 0 0 0 0 0 0
2381 32000000 0 0 32000000 0 0 0 0 0 0 0 32000000 1
2383 6368272719 1 1 6368272719 0 0 0 0 0 0 0 0 0
2384 6368272719 0 0 6368272719 0 0 0 0 0 0 0 0 0
2385 6368272719 0 0 0 0 0 0 0 0 0 0 0 0
2386 6368272719 0 0 0 0 0 0 0 0 0 0 0 0
2388 6368272719 0 0 6368272719 0 0 0 0 0 0 0 0 0
2389 6368272719 0 0 6368272719 1 1 0 0 0 0 0 6368272719 512000002
2391 16002 1 1 16002 0 0 0 0 0 0 0 0 0
2392 16002 0 0 16002 0 0 0 0 0 0 0 0 0
2393 16002 0 0 0 0 0 0 0 0 0 0 0 0
2394 16002 0 0 0 0 0 0 0 0 0 0 0 0
2396 16002 0 0 16002 0 0 0 0 0 0 0 0 0
2397 16002 0 0 16002 1 1 0 0 0 0 0 16002 3
2484 256000000 1 1 0 0 0 0 0 0 0 0 0 0
2486 256000000 0 0 256000000 0 0 0 0 0 0 0 0 0
2487 256000000 0 0 256000000 0 0 0 0 0 0 0 256000000 1
2534 6266139520 1 1 0 0 0 0 0 0 0 0 0 0
2536 6266139520 0 0 6266139520 0 0 0 0 0 0 0 0 0
2537 6266139520 0 0 6266139520 0 0 0 0 0 0 0 6266139520 1
2554 16000 1 1 0 0 0 0 0 0 0 0 0 0
2556 16000 0 0 16000 0 0 0 0 0 0 0 0 0
2557 16000 0 0 16000 0 0 0 0 0 0 0 16000 1
2630 6266139520 1 1 0 0 0 0 0 0 0 0 0 0
2632 6266139520 0 0 6266139520 0 0 0 0 0 0 0 0 0
2633 6266139520 1 1 6266139520 0 0 0 0 0 0 0 6266139520 1
2675 256000000 1 1 0 0 0 0 0 0 0 0 0 0
2677 256000000 0 0 256000000 0 0 0 0 0 0 0 0 0
2678 256000000 0 0 256000000 1 1 0 0 0 0 0 256000000 1
2695 16000 1 1 0 0 0 0 0 0 0 0 0 0
2697 16000 0 0 16000 0 0 0 0 0 0 0 0 0
2698 16000 0 0 16000 0 0 0 0 0 0 0 16000 1
2700 6266139520 0 0 0 0 0 0 0 0 0 0 0 0
2702 6266139520 0 0 6266139520 0 0 0 0 0 0 0 0 0
2703 6266139520 0 0 6266139520 0 0 0 0 0 0 0 6266139520 1
2730 6266139520 1 1 0 0 0 0 0 0 0 0 0 0
2732 6266139520 0 0 6266139520 0 0 0 0 0 0 0 0 0
2733 6266139520 1 1 6266139520 0 0 0 0 0 0 0 6266139520 1
2735 6266139520 0 0 0 0 0 0 0 0 0 0 0 0
2737 6266139520 0 0 6266139520 0 0 0 0 0 0 0 0 0
2738 6266139520 0 0 6266139520 0 0 0 0 0 0 0 6266139520 1
2760 6266139521 1 1 0 0 0 0 0 0 0 0 0 0
2762 6266139521 0 0 6266139521 0 0 0 0 0 0 0 0 0
2763 6266139521 0 0 6266139521 1 1 0 0 0 0 0 6266139521 2
2770 6266139520 0 0 0 0 0 0 0 0 0 0 0 0
2772 6266139520 0 0 6266139520 0 0 0 0 0 0 0 0 0
2773 6266139520 0 0 6266139520 1 1 0 0 0 0 0 6266139520 1
2785 16000 0 0 0 0 0 0 0 0 0 0 0 0
2787 16000 0 0 16000 0 0 0 0 0 0 0 0 0
2788 16000 0 0 16000 1 1 0 0 0 0 0 16000 16000
2795 256000002 1 1 0 0 0 0 0 0 0 0 0 0
2797 256000002 0 0 256000002 0 0 0 0 0 0 0 0 0
2798 256000002 0 0 256000002 0 0 0 0 0 0 0 256000002 3
2896 256000000 1 1 0 0 0 0 0 0 0 0 0 0
2897 256000000 0 0 0 0 0 0 0 0 0 0 0 0
2898 256000000 0 0 0 0 0 0 0 0 0 0 0 0
2900 256000000 0 0 0 0 0 0 0 0 0 0 0 0
2904 256000000 0 0 0 0 0 0 0 0 0 0 0 0
2907 256000000 0 0 0 0 0 0 0 0 0 0 0 0
2908 256000000 0 0 0 0 0 0 0 0 0 0 0 0
2909 256000000 0 0 0 0 0 0 0 0 0 0 0 0
2911 256000000 0 0 256000000 0 0 0 0 0 0 0 0 0
2912 256000000 1 1 256000000 1 1 0 0 0 0 0 256000000 1
3148 16000 1 1 0 0 0 0 0 0 0 0 0 0
3149 16000 0 0 0 0 0 0 0 0 0 0 0 0
3150 16000 0 0 0 0 0 0 0 0 0 0 0 0
3152 16000 0 0 0 0 0 0 0 0 0 0 0 0
3156 16000 0 0 0 0 0 0 0 0 0 0 0 0
3159 16000 0 0 0 0 0 0 0 0 0 0 0 0
3160 16000 0 0 0 0 0 0 0 0 0 0 0 0
3161 16000 0 0 0 0 0 0 0 0 0 0 0 0
3163 16000 0 0 16000 0 0 0 0 0 0 0 0 0
3164 16000 1 1 16000 1 1 0 0 0 0 0 16000 1
3346 12532279040 1 1 0 0 0 0 0 0 0 0 0 0
3347 12532279040 0 0 0 0 0 0 0 0 0 0 0 0
3348 12532279040 0 0 0 0 0 0 0 0 0 0 0 0
3350 12532279040 0 0 0 0 0 0 0 0 0 0 0 0
3354 12532279040 0 0 0 0 0 0 0 0 0 0 0 0
3357 12532279040 0 0 0 0 0 0 0 0 0 0 0 0
3358 12532279040 0 0 0 0 0 0 0 0 0 0 0 0
3359 12532279040 0 0 0 0 0 0 0 0 0 0 0 0
3361 12532279040 0 0 12532279040 0 0 0 0 0 0 0 0 0
3362 12532279040 0 0 12532279040 0 0 0 0 0 0 0 12532279040 1
3435 256000001 1 1 256000001 0 0 0 0 0 0 0 0 0
3436 256000001 0 0 256000001 0 0 0 0 0 0 0 0 0
3437 256000001 0 0 0 0 0 0 0 0 0 0 0 0
3438 256000001 0 0 0 0 0 0 0 0 0 0 0 0
3439 256000001 0 0 0 0 0 0 0 0 0 0 0 0
3440 256000001 0 0 0 0 0 0 0 0 0 0 0 0
3441 256000001 0 0 0 0 0 0 0 0 0 0 0 0
3443 256000001 0 0 0 0 0 0 0 0 0 0 0 0
3445 256000001 0 0 0 0 0 0 0 0 0 0 0 0
3446 256000001 0 0 0 0 0 0 0 0 0 0 0 0
3447 256000001 0 0 0 0 0 0 0 0 0 0 0 0
3449 256000001 0 0 256000001 0 0 0 0 0 0 0 0 0
3450 256000001 0 0 256000001 2 2 0 0 0 0 0 256000001 2
3752 256000000 1 1 256000000 0 0 0 0 0 0 0 0 0
3753 256000000 0 0 256000000 0 0 0 0 0 0 0 0 0
3754 256000000 0 0 0 0 0 0 0 0 0 0 0 0
3755 256000000 0 0 0 0 0 0 0 0 0 0 0 0
3757 256000000 0 0 256000000 0 0 0 0 0 0 0 0 0
3758 256000000 0 0 256000000 0 0 0 0 0 0 0 256000000 1
3776 16000 1 1 16000 0 0 0 0 0 0 0 0 0
3777 16000 0 0 16000 0 0 0 0 0 0 0 0 0
3778 16000 0 0 0 0 0 0 0 0 0 0 0 0
3779 16000 0 0 0 0 0 0 0 0 0 0 0 0
3781 16000 0 0 16000 0 0 0 0 0 0 0 0 0
3782 16000 0 0 16000 1 1 0 0 0 0 0 16000 1
3952 153866816 1 1 153866816 0 0 0 0 0 0 0 0 0
3953 153866816 0 0 153866816 0 0 0 0 0 0 0 0 0
3954 153866816 0 0 0 0 0 0 0 0 0 0 0 0
3955 153866816 0 0 0 0 0 0 0 0 0 0 0 0
3957 153866816 0 0 153866816 0 0 0 0 0 0 0 0 0
3958 153866816 0 0 153866816 0 0 0 0 0 0 0 153866816 1
4056 32000000 1 1 0 0 0 0 0 0 0 0 0 0
4058 32000000 0 0 32000000 0 0 0 0 0 0 0 0 0
4059 32000000 0 0 32000000 0 0 0 0 0 0 0 32000000 1
4363 256000000 1 1 256000000 0 0 0 0 0 0 0 0 0
4364 256000000 0 0 0 0 0 0 0 0 0 0 0 0
4365 256000000 0 0 0 0 0 0 0 0 0 0 0 0
4366 256000000 0 0 0 0 0 0 0 0 0 0 0 0
4368 256000000 0 0 256000000 0 0 0 0 0 0 0 0 0
4369 256000000 0 0 256000000 0 0 0 0 0 0 0 256000000 1
5243 6266139520 1 1 0 0 0 0 0 0 0 0 0 0
5245 6266139520 0 0 6266139520 0 0 0 0 0 0 0 0 0
5246 6266139520 0 0 6266139520 0 0 0 0 0 0 0 6266139520 16000
5248 6266139520 0 0 0 0 0 0 0 0 0 0 0 0
5250 6266139520 0 0 6266139520 0 0 0 0 0 0 0 0 0
5251 6266139520 0 0 6266139520 1 1 0 0 0 0 0 6266139520 1
5258 256000000 0 0 0 0 0 0 0 0 0 0 0 0
5260 256000000 0 0 256000000 0 0 0 0 0 0 0 0 0
5261 256000000 0 0 256000000 1 1 0 0 0 0 0 256000000 1
5268 16000 0 0 0 0 0 0 0 0 0 0 0 0
5270 16000 0 0 16000 0 0 0 0 0 0 0 0 0
5271 16000 0 0 16000 0 0 0 0 0 0 0 16000 1
5283 12532279041 1 1 0 0 0 0 0 0 0 0 0 0
5285 12532279041 0 0 12532279041 0 0 0 0 0 0 0 0 0
5286 12532279041 0 0 12532279041 0 0 0 0 0 0 0 12532279041 2
5318 12532279040 1 1 0 0 0 0 0 0 0 0 0 0
5320 12532279040 1 1 12532279040 0 0 0 0 0 0 0 0 0
5321 12532279040 0 0 12532279040 0 0 0 0 0 0 0 12532279040 12532279040
5368 256000000 1 1 0 0 0 0 0 0 0 0 0 0
5370 256000000 0 0 256000000 0 0 0 0 0 0 0 0 0
5371 256000000 0 0 256000000 0 0 0 0 0 0 0 256000000 1
5535 32016000 0 0 32016000 0 0 0 0 0 0 0 0 0
5536 32016000 0 0 32016000 0 0 0 0 0 0 0 0 0
5537 32016000 0 0 0 0 0 0 0 0 0 0 0 0
5539 32016000 0 0 32016000 0 0 0 0 0 0 0 0 0
5540 32016000 0 0 32016000 0 0 0 0 0 0 0 32016000 1
5542 32001 0 0 32001 0 0 0 0 0 0 0 0 0
5543 32001 0 0 32001 0 0 0 0 0 0 0 0 0
5544 32001 0 0 0 0 0 0 0 0 0 0 0 0
5546 32001 0 0 32001 0 0 0 0 0 0 0 0 0
5547 32001 0 0 32001 0 0 0 0 0 0 0 32001 32001
5549 6298139537 1 1 6298139537 0 0 0 0 0 0 0 0 0
5550 6298139537 0 0 6298139537 0 0 0 0 0 0 0 0 0
5551 6298139537 0 0 0 0 0 0 0 0 0 0 0 0
5553 6298139537 0 0 6298139537 0 0 0 0 0 0 0 0 0
5554 6298139537 0 0 6298139537 4 4 0 0 0 0 0 6298139537 64000003
5556 512000002 0 0 512000002 0 0 0 0 0 0 0 0 0
5557 512000002 0 0 512000002 0 0 0 0 0 0 0 0 0
5558 512000002 0 0 0 0 0 0 0 0 0 0 0 0
5560 512000002 0 0 512000002 0 0 0 0 0 0 0 0 0
5561 512000002 0 0 512000002 0 0 0 0 0 0 0 512000002 512000002
5563 256000001 1 1 256000001 0 0 0 0 0 0 0 0 0
5564 256000001 0 0 256000001 0 0 0 0 0 0 0 0 0
5565 256000001 0 0 0 0 0 0 0 0 0 0 0 0
5567 256000001 0 0 256000001 0 0 0 0 0 0 0 0 0
5568 256000001 0 0 256000001 1 1 0 0 0 0 0 256000001 2
5570 1 0 0 1 0 0 0 0 0 0 0 0 0
5571 1 0 0 1 0 0 0 0 0 0 0 0 0
5572 1 0 0 0 0 0 0 0 0 0 0 0 0
5574 1 0 0 1 0 0 0 0 0 0 0 0 0
5575 1 1 1 1 1 1 0 0 0 0 0 1 1
5609 6964038337 1 1 6964038337 0 0 0 0 0 0 0 0 0
5610 6964038337 0 0 6964038337 0 0 0 0 0 0 0 0 0
5612 6964038337 0 0 6964038337 0 0 0 0 0 0 0 0 0
5613 6964038337 0 0 6964038337 4 4 0 0 0 0 0 6964038337 953898817
5615 576000000 0 0 576000000 0 0 0 0 0 0 0 0 0
5616 576000000 0 0 576000000 0 0 0 0 0 0 0 0 0
5618 576000000 0 0 576000000 0 0 0 0 0 0 0 0 0
5619 576000000 0 0 576000000 0 0 0 0 0 0 0 576000000 576000000
5621 18798434560 0 0 18798434560 0 0 0 0 0 0 0 0 0
5622 18798434560 0 0 18798434560 0 0 0 0 0 0 0 0 0
5624 18798434560 0 0 18798434560 0 0 0 0 0 0 0 0 0
5625 18798434560 0 0 18798434560 2 2 0 0 0 0 0 18798434560 12532295040
5627 16000 0 0 16000 0 0 0 0 0 0 0 0 0
5628 16000 1 1 16000 0 0 0 0 0 0 0 0 0
5630 16000 0 0 16000 0 0 0 0 0 0 0 0 0
5631 16000 0 0 16000 1 1 0 0 0 0 0 16000 1
5658 32000000 1 1 32000000 0 0 0 0 0 0 0 0 0
5659 32000000 0 0 32000000 0 0 0 0 0 0 0 0 0
5661 32000000 0 0 32000000 0 0 0 0 0 0 0 0 0
5662 32000000 0 0 32000000 0 0 0 0 0 0 0 32000000 1
5676 1 0 0 1 0 0 0 0 0 0 0 0 0
5677 1 0 0 1 0 0 0 0 0 0 0 0 0
5679 1 0 0 1 0 0 0 0 0 0 0 0 0
5680 1 0 0 1 1 1 0 0 0 0 0 1 1
5683 13006161856 0 0 13006161856 0 0 0 0 0 0 0 0 0
5684 13006161856 0 0 0 0 0 13006161856 0 0 0 0 0 0
5686 13006161856 0 0 13006161856 0 0 0 0 0 0 0 0 0
5687 13006161856 0 0 13006161856 2 2 0 0 0 0 0 13006161856 13006161856
5689 288016001 0 0 288016001 0 0 0 0 0 0 0 0 0
5690 288016001 0 0 0 0 0 288016001 0 0 0 0 0 0
5692 288016001 0 0 288016001 0 0 0 0 0 0 0 0 0
5693 288016001 0 0 288016001 0 0 0 0 0 0 0 288016001 32001
5695 16002 1 1 16002 0 0 0 0 0 0 0 0 0
5696 16002 0 0 0 0 0 16002 0 0 0 0 0 0
5698 16002 0 0 16002 0 0 0 0 0 0 0 0 0
5699 16002 0 0 16002 1 1 0 0 0 0 0 16002 3
5701 256000002 0 0 256000002 0 0 0 0 0 0 0 0 0
5702 256000002 0 0 0 0 0 256000002 0 0 0 0 0 0
5704 256000002 0 0 256000002 0 0 0 0 0 0 0 0 0
5705 256000002 0 0 256000002 2 2 0 0 0 0 0 256000002 3
5707 1 1 1 1 0 0 0 0 0 0 0 0 0
5708 1 0 0 0 0 0 1 0 0 0 0 0 0
5710 1 0 0 1 0 0 0 0 0 0 0 0 0
5711 1 0 0 1 1 1 0 0 0 0 0 1 1
5738 1 1 1 1 0 0 0 0 0 0 0 0 0
5739 1 0 0 0 0 0 1 0 0 0 0 0 0
5741 1 0 0 1 0 0 0 0 0 0 0 0 0
5742 1 0 0 1 0 0 0 0 0 0 0 1 0
11317 32000000 1 1 0 0 0 32000000 500000 500000 0 0 0 0
11319 32000000 0 0 32000000 0 0 0 0 0 0 0 0 0
11320 32000000 0 0 32000000 0 0 0 0 0 0 0 32000000 1
11533 15 1 1 0 0 0 15 0 0 0 0 0 0
11535 15 0 0 15 0 0 0 0 0 0 0 0 0
11536 15 0 0 15 0 0 0 0 0 0 0 15 1
12391 409882816 1 1 409882816 0 0 0 0 0 0 0 0 0
12392 409882816 0 0 0 0 0 0 0 0 0 0 0 0
12394 409882816 0 0 409882816 0 0 0 0 0 0 0 0 0
12395 409882816 0 0 409882816 0 0 0 0 0 0 0 409882816 307733632
12504 256016000 1 1 0 0 0 0 0 0 0 0 0 0
12505 256016000 0 0 0 0 0 0 0 0 256016000 0 0 0
12506 256016000 0 0 0 0 0 0 0 0 256016000 16000 0 0
12508 256000000 0 0 256000000 0 0 0 0 0 0 0 0 0
12509 256000000 0 0 0 0 0 0 0 0 0 0 0 0
12511 16000 0 0 16000 0 0 0 0 0 0 0 0 0
12512 16000 0 0 0 0 0 0 0 0 0 0 0 0
12516 256016000 0 0 0 0 0 0 0 0 0 0 0 0
12518 256016000 0 0 256016000 0 0 0 0 0 0 0 0 0
12519 256016000 0 0 256016000 0 0 0 0 0 0 0 256016000 32000
12521 16001 1 1 0 0 0 0 0 0 0 0 0 0
12522 16001 0 0 0 0 0 0 0 0 16001 0 0 0
12523 16001 0 0 0 0 0 0 0 0 16001 1 0 0
12525 16000 0 0 16000 0 0 0 0 0 0 0 0 0
12526 16000 0 0 0 0 0 0 0 0 0 0 0 0
12528 1 0 0 1 0 0 0 0 0 0 0 0 0
12529 1 0 0 0 0 0 0 0 0 0 0 0 0
12533 16001 0 0 0 0 0 0 0 0 0 0 0 0
12535 16001 0 0 16001 0 0 0 0 0 0 0 0 0
12536 16001 0 0 16001 0 0 0 0 0 0 0 16001 2
12674 6266139520 1 1 0 0 0 0 0 0 0 0 0 0
12675 6266139520 0 0 0 0 0 0 0 0 6266139520 90762944 0 0
12676 6112272704 0 0 0 0 0 0 0 0 6112272704 0 0 0
12678 6112272704 0 0 6112272704 0 0 0 0 0 0 0 0 0
12679 6112272704 1 1 0 0 0 0 0 0 0 0 0 0
12684 153866816 0 0 153866816 0 0 0 0 0 0 0 0 0
12686 6266139520 0 0 0 0 0 0 0 0 0 0 0 0
12688 6266139520 0 0 6266139520 0 0 0 0 0 0 0 0 0
12689 6266139520 0 0 6266139520 0 0 0 0 0 0 0 6266139520 307733632
13015 256000000 0 0 256000000 0 0 0 0 0 0 0 0 0
13016 256000000 0 0 256000000 0 0 0 0 0 0 0 0 0
13017 256000000 0 0 0 0 0 0 0 0 0 0 0 0
13018 256000000 0 0 0 0 0 0 0 0 256000000 32000008 0 0
13019 32000000 0 0 0 0 0 0 0 0 32000000 6 0 0
13024 32000000 0 0 32000000 0 0 0 0 0 0 0 0 0
13025 32000000 0 0 0 0 0 0 0 0 0 0 0 0
13027 224000000 0 0 224000000 0 0 0 0 0 0 0 0 0
13029 256000000 0 0 0 0 0 0 0 0 0 0 0 0
13031 256000000 0 0 256000000 0 0 0 0 0 0 0 0 0
13032 256000000 0 0 256000000 0 0 0 0 0 0 0 256000000 64000000
13034 6112272704 1 1 6112272704 0 0 0 0 0 0 0 0 0
13035 6112272704 0 0 6112272704 0 0 0 0 0 0 0 0 0
13036 6112272704 0 0 0 0 0 0 0 0 0 0 0 0
13037 6112272704 0 0 0 0 0 0 0 0 6112272704 102133196 0 0
13038 102133184 0 0 0 0 0 0 0 0 102133184 2 0 0
13043 102133184 0 0 102133184 0 0 0 0 0 0 0 0 0
13044 102133184 0 0 0 0 0 0 0 0 0 0 0 0
13046 6010139520 1 1 6010139520 0 0 0 0 0 0 0 0 0
13048 6112272704 0 0 0 0 0 0 0 0 0 0 0 0
13050 6112272704 0 0 6112272704 0 0 0 0 0 0 0 0 0
13051 6112272704 0 0 6112272704 0 0 0 0 0 0 0 6112272704 204266369
13072 16000 1 1 16000 0 0 0 0 0 0 0 0 0
13073 16000 0 0 16000 0 0 0 0 0 0 0 0 0
13074 16000 0 0 0 0 0 0 0 0 0 0 0 0
13075 16000 0 0 0 0 0 0 0 0 16000 0 0 0
13076 16000 0 0 0 0 0 0 0 0 16000 2 0 0
13081 16000 0 0 16000 0 0 0 0 0 0 0 0 0
13082 16000 0 0 0 0 0 0 0 0 0 0 0 0
13086 16000 0 0 0 0 0 0 0 0 0 0 0 0
13088 16000 0 0 16000 0 0 0 0 0 0 0 0 0
13089 16000 1 1 16000 0 0 0 0 0 0 0 16000 1
13642 1 1 1 0 0 0 0 0 0 0 0 0 0
13643 1 0 0 0 0 0 0 0 0 0 0 0 0
13645 1 0 0 1 1 1 0 0 0 0 0 0 0
13646 1 0 0 1 0 0 0 0 0 0 0 0 0
13647 1 0 0 1 0 0 0 0 0 0 0 0 0
13648 1 0 0 1 0 0 0 0 0 0 0 0 0
13649 1 0 0 1 0 0 0 0 0 0 0 0 0
13650 1 1 1 1 0 0 0 0 0 0 0 0 0
13652 6 0 0 0 0 0 6 0 0 0 0 0 0
13653 1 0 0 0 0 0 1 0 0 0 0 0 0
13654 6 0 0 6 0 0 0 0 0 0 0 0 0
13656 1 0 0 0 0 0 0 0 0 0 0 0 0
13657 1 0 0 0 0 0 0 0 0 1 1 0 0
14295 1 1 1 0 0 0 0 0 0 0 0 0 0
14296 1 0 0 0 0 0 0 0 0 0 0 0 0
14297 6 0 0 0 0 0 6 0 0 0 0 0 0
14298 1 0 0 0 0 0 1 0 0 0 0 0 0
14299 6 0 0 5 0 0 0 0 0 0 0 0 0
14300 1 0 0 0 0 0 0 0 0 0 0 0 0
14301 1 0 0 0 0 0 0 0 0 0 0 0 0
14302 1 0 0 0 0 0 0 0 0 0 0 0 0
14303 1 0 0 0 0 0 1 0 0 0 0 0 0
14304 1 0 0 0 0 0 0 0 0 0 0 0 0
14306 1 0 0 1 0 0 0 0 0 0 0 0 0
14307 1 0 0 1 0 0 0 0 0 0 0 1 1
14988 6 1 1 0 0 0 6 1 1 0 0 0 0
14989 1 0 0 0 0 0 0 0 0 0 0 0 0
14990 1 0 0 0 0 0 0 0 0 0 0 0 0
14991 1 0 0 1 1 1 0 0 0 0 0 0 0
14992 1 0 0 0 0 0 0 0 0 0 0 0 0
14993 1 0 0 0 0 0 0 0 0 0 0 0 0
14994 1 0 0 0 0 0 1 0 0 0 0 0 0
14995 6 0 0 6 0 0 0 0 0 0 0 0 0
14996 1 0 0 0 0 0 0 0 0 0 0 0 0
14999 1 0 0 1 0 0 0 0 0 0 0 0 0
15000 1 0 0 1 1 1 0 0 0 0 0 1 1
fl=/home/matt/Varsity/Treatise/Work/Virtual Machines/Register Mapped//templates/dispatch
fn=???
2 1 0 0 1 0 0 0 0 0 0 0 0 0
3 1 0 0 1 1 1 0 0 0 0 0 1 1
fl=/home/matt/Varsity/Treatise/Work/Virtual Machines/Register Mapped//vm.asm
fn=???
39 1 1 1 0 0 0 0 0 0 0 0 0 0
40 1 0 0 0 0 0 1 0 0 0 0 0 0
42 1 0 0 0 0 0 0 0 0 0 0 0 0
43 1 0 0 0 0 0 0 0 0 1 0 0 0
45 1 0 0 0 0 0 0 0 0 0 0 0 0
48 1 0 0 1 0 0 0 0 0 0 0 0 0
50 1 0 0 0 0 0 0 0 0 0 0 0 0
51 1 0 0 0 0 0 0 0 0 0 0 0 0
52 1 0 0 0 0 0 0 0 0 0 0 0 0
53 1 0 0 0 0 0 0 0 0 0 0 0 0
54 1 0 0 0 0 0 0 0 0 0 0 0 0
56 1 0 0 0 0 0 0 0 0 0 0 0 0
57 1 0 0 0 0 0 0 0 0 0 0 0 0
58 1 1 1 0 0 0 0 0 0 0 0 0 0
59 1 0 0 0 0 0 1 0 0 0 0 0 0
60 1 0 0 0 0 0 1 0 0 0 0 0 0
61 1 0 0 0 0 0 1 0 0 0 0 0 0
62 1 0 0 0 0 0 0 0 0 0 0 0 0
63 1 0 0 1 0 0 0 0 0 0 0 0 0
64 1 0 0 0 0 0 0 0 0 0 0 0 0
65 1 0 0 0 0 0 0 0 0 0 0 0 0
66 1 0 0 0 0 0 1 0 0 0 0 0 0
67 1 0 0 0 0 0 0 0 0 0 0 0 0
68 1 0 0 0 0 0 0 0 0 0 0 0 0
69 1 0 0 0 0 0 0 0 0 0 0 0 0
70 1 0 0 0 0 0 1 0 0 0 0 0 0
75 1 0 0 0 0 0 0 0 0 0 0 0 0
83 1 1 1 0 0 0 0 0 0 0 0 0 0
84 1 1 1 0 0 0 1 0 0 0 0 0 0
fl=???
fn=(below main)
0 58 4 4 17 2 0 16 0 0 7 0 2 2
fn=???
0 214 24 21 111 9 5 36 2 2 11 5 75 23
fn=_Exit
0 8 2 2 1 1 1 0 0 0 0 0 0 0
fn=_IO_cleanup
0 50 3 3 14 1 1 8 0 0 10 5 0 0
fn=_IO_default_finish
0 19 3 3 7 0 0 2 0 0 4 3 0 0
fn=_IO_doallocbuf
0 18 2 2 8 0 0 4 0 0 3 2 1 1
fn=_IO_file_close
0 2 1 1 1 0 0 0 0 0 0 0 0 0
fn=_IO_file_close_it@@GLIBC_2.2.5
0 48 4 4 10 0 0 16 0 0 4 2 1 1
fn=_IO_file_doallocate
0 42 3 3 9 1 0 6 0 0 5 0 1 1
fn=_IO_file_finish@@GLIBC_2.2.5
0 8 2 2 2 0 0 1 0 0 1 1 0 0
fn=_IO_file_fopen@@GLIBC_2.2.5
0 76 9 9 13 1 1 11 0 0 15 5 0 0
fn=_IO_file_init@@GLIBC_2.2.5
0 13 2 2 4 0 0 5 0 0 0 0 0 0
fn=_IO_file_read
0 4 1 1 2 0 0 0 0 0 1 1 0 0
fn=_IO_file_seek
0 4 1 1 2 0 0 0 0 0 0 0 0 0
fn=_IO_file_seekoff@@GLIBC_2.2.5
0 213 16 16 61 0 0 39 0 0 36 13 4 4
fn=_IO_file_stat
0 8 1 1 2 0 0 0 0 0 0 0 0 0
fn=_IO_file_xsgetn
0 33 4 4 10 0 0 6 0 0 3 1 0 0
fn=_IO_flush_all_lockp
0 90 8 8 25 11 11 12 0 0 22 14 0 0
fn=_IO_link_in
0 85 9 9 30 3 2 16 0 0 18 10 0 0
fn=_IO_no_init
0 33 3 3 5 0 0 20 2 2 1 0 0 0
fn=_IO_old_init
0 25 3 3 2 0 0 19 2 2 1 0 0 0
fn=_IO_seekoff_unlocked
0 47 2 2 11 1 0 3 0 0 10 3 3 1
fn=_IO_setb
0 55 1 1 14 0 0 13 0 0 3 2 0 0
fn=_IO_sgetn
0 3 1 1 2 0 0 0 0 0 0 0 1 1
fn=_IO_un_link
0 91 11 11 32 0 0 15 0 0 20 11 0 0
fn=_IO_unsave_markers
0 7 2 2 3 0 0 0 0 0 2 2 0 0
fn=__GI_memcpy
0 311 6 6 96 12 11 95 11 11 34 14 0 0
fn=__GI_strstr
0 24 6 6 9 1 1 6 0 0 2 2 0 0
fn=__call_tls_dtors
0 12 3 3 5 1 1 4 0 0 1 1 0 0
fn=__close_nocancel
0 5 1 1 1 0 0 0 0 0 1 0 0 0
fn=__ctype_init
0 16 2 2 10 1 0 3 0 0 0 0 0 0
fn=__cxa_atexit
0 22 2 2 5 0 0 8 0 0 1 0 0 0
fn=__cxa_finalize
0 46 4 4 12 2 2 6 0 0 7 1 0 0
fn=__default_morecore
0 14 1 1 2 0 0 2 1 0 0 0 0 0
fn=__fopen_internal
0 39 3 3 4 0 0 10 1 1 2 0 0 0
fn=__fopen_maybe_mmap
0 4 1 1 2 0 0 0 0 0 1 1 0 0
fn=__init_cpu_features
0 79 9 9 9 2 2 13 0 0 13 5 1 1
fn=__init_misc
0 24 2 2 7 0 0 5 1 0 2 0 0 0
fn=__libc_csu_init
0 34 2 2 8 1 0 8 0 0 2 0 1 1
fn=__libc_memalign
0 535 4 4 104 0 0 102 1 1 60 20 0 0
fn=__linkin_atfork
0 9 2 2 4 2 0 1 0 0 2 1 0 0
fn=__lseek_nocancel
0 10 0 0 2 0 0 0 0 0 2 0 0 0
fn=__new_exitfn
0 38 6 6 11 5 3 5 0 0 7 6 0 0
fn=__open_nocancel
0 5 1 1 1 0 0 0 0 0 1 0 0 0
fn=__read_nocancel
0 5 0 0 1 0 0 0 0 0 1 1 0 0
fn=__run_exit_handlers
0 56 5 5 9 3 3 10 0 0 9 2 2 2
fn=__sigjmp_save
0 9 0 0 2 0 0 2 0 0 1 1 0 0
fn=__sigsetjmp
0 79 4 4 19 0 0 32 1 1 0 0 0 0
fn=__tls_get_addr
0 11 2 2 7 3 3 0 0 0 2 0 0 0
fn=__unregister_atfork
0 13 2 2 5 1 1 1 0 0 3 2 0 0
fn=__write_nocancel
0 5 0 0 1 0 0 0 0 0 1 0 0 0
fn=_dl_add_to_namespace_list
0 103 2 2 29 0 0 23 0 0 8 5 6 2
fn=_dl_add_to_slotinfo
0 24 2 2 9 3 0 6 0 0 1 0 0 0
fn=_dl_addr
0 56044 10 10 13650 1012 858 17 1 0 12809 1988 2 2
fn=_dl_allocate_tls_init
0 78 6 6 25 2 0 13 0 0 8 2 0 0
fn=_dl_allocate_tls_storage
0 323 3 3 7 0 0 296 37 37 290 10 0 0
fn=_dl_cache_libcmp
0 735 4 4 112 10 10 0 0 0 203 35 0 0
fn=_dl_catch_error
0 120 4 4 33 0 0 60 6 6 3 0 6 3
fn=_dl_check_all_versions
0 75 2 2 13 0 0 8 0 0 9 3 0 0
fn=_dl_check_map_versions
0 1233 13 13 403 6 6 167 13 13 146 53 0 0
fn=_dl_count_modids
0 4 1 1 3 0 0 0 0 0 1 0 0 0
fn=_dl_debug_initialize
0 41 3 3 13 2 1 4 0 0 12 11 0 0
fn=_dl_debug_state
0 2 0 0 2 0 0 0 0 0 0 0 0 0
fn=_dl_determine_tlsoffset
0 56 5 5 11 0 0 8 0 0 4 1 0 0
fn=_dl_discover_osversion
0 80 5 5 14 1 1 7 1 1 14 8 0 0
fn=_dl_find_dso_for_object
0 30 3 3 12 0 0 0 0 0 11 5 0 0
fn=_dl_fini
0 257 10 10 88 19 19 36 3 3 48 10 6 6
fn=_dl_fixup
0 883 6 6 348 54 33 110 1 1 99 12 0 0
fn=_dl_important_hwcaps
0 259 18 18 51 0 0 44 2 2 31 14 0 0
fn=_dl_init
0 86 5 5 24 1 0 12 0 0 12 5 0 0
fn=_dl_init_paths
0 91 10 10 14 0 0 33 2 2 7 3 0 0
fn=_dl_initial_error_catch_tsd
0 8 0 0 4 0 0 0 0 0 0 0 0 0
fn=_dl_load_cache_lookup
0 323 15 15 58 9 9 32 0 0 56 9 0 0
fn=_dl_lookup_symbol_x
0 19713 10 10 4263 107 95 2473 13 4 2321 159 0 0
fn=_dl_map_object
0 415 26 26 86 0 0 67 4 4 68 22 0 0
fn=_dl_map_object_deps
0 1082 37 37 224 1 1 124 1 1 233 50 0 0
fn=_dl_map_object_from_fd
0 1729 49 49 363 17 17 199 22 22 336 94 0 0
fn=_dl_name_match_p
0 1535 3 3 397 4 1 228 2 2 229 37 0 0
fn=_dl_new_object
0 605 15 15 106 4 4 115 26 26 90 43 0 0
fn=_dl_next_ld_env_entry
0 343 2 2 118 25 25 1 0 0 114 21 0 0
fn=_dl_next_tls_modid
0 6 1 1 3 0 0 1 0 0 1 0 0 0
fn=_dl_receive_error
0 28 2 2 10 0 0 12 0 0 0 0 2 2
fn=_dl_relocate_object
0 18882 51 51 5173 672 616 2418 253 241 2789 144 111 13
fn=_dl_runtime_resolve
0 319 4 4 99 0 0 88 2 2 0 0 11 11
fn=_dl_setup_hash
0 88 2 2 28 5 5 24 0 0 4 0 0 0
fn=_dl_sort_fini
0 170 6 6 51 1 1 20 0 0 27 8 0 0
fn=_dl_start
0 620 16 16 128 25 23 55 18 17 110 30 7 1
fn=_dl_sysdep_read_whole_file
0 41 3 3 6 1 1 9 0 0 3 1 0 0
fn=_dl_sysdep_start
0 483 16 15 128 19 17 41 5 5 105 23 18 14
fn=_dl_sysdep_start_cleanup
0 1 1 0 1 0 0 0 0 0 0 0 0 0
fn=_dl_unload_cache
0 10 2 1 3 1 0 2 0 0 1 1 0 0
fn=_dl_vdso_vsym
0 24 2 2 12 1 0 0 0 0 4 4 0 0
fn=_fxstat
0 50 2 2 5 0 0 0 0 0 10 0 0 0
fn=_init
0 60 5 5 14 2 0 18 4 3 4 2 0 0
fn=_int_malloc
0 848 51 51 133 6 3 136 4 4 117 56 2 2
fn=_setjmp
0 2 1 1 0 0 0 0 0 0 0 0 0 0
fn=_start
0 11 1 1 1 0 0 3 0 0 0 0 0 0
fn=access
0 9 1 1 1 0 0 1 0 0 1 1 0 0
fn=bcmp
0 1041 12 12 244 11 11 76 3 3 182 59 0 0
fn=brk
0 47 3 3 7 0 0 4 1 1 8 0 0 0
fn=call_init.part.0
0 155 4 4 58 4 0 28 0 0 17 3 4 4
fn=calloc
0 64 1 1 0 0 0 0 0 0 8 8 0 0
fn=check_match.isra.0
0 5440 7 7 1904 48 25 613 7 4 809 28 0 0
fn=close
0 15 1 1 3 0 0 0 0 0 3 0 0 0
fn=dl_main
0 1056 73 73 213 24 18 140 17 17 213 82 1 1
fn=do_lookup_x
0 27044 17 17 9444 222 163 4190 12 5 3916 295 0 0
fn=do_preload
0 28 3 3 7 0 0 8 0 0 1 1 0 0
fn=exit
0 4 1 1 0 0 0 1 0 0 0 0 0 0
fn=fclose@@GLIBC_2.2.5
0 65 8 8 26 2 0 9 0 0 15 8 1 1
fn=fopen@@GLIBC_2.2.5
0 2 1 1 0 0 0 0 0 0 0 0 0 0
fn=fread
0 52 6 6 18 0 0 7 0 0 10 5 0 0
fn=free
0 211 15 15 58 10 10 26 0 0 55 24 0 0
fn=fseek
0 78 4 4 30 0 0 8 0 0 16 10 0 0
fn=ftell
0 41 6 6 15 0 0 4 0 0 10 7 0 0
fn=gettimeofday
0 14 1 1 1 0 0 5 0 0 0 0 0 0
fn=handle_intel.isra.0
0 94 5 5 14 0 0 26 0 0 6 2 0 0
fn=index
0 163 5 5 21 2 2 0 0 0 12 4 0 0
fn=init_cacheinfo
0 147 8 8 6 0 0 12 1 1 24 8 0 0
fn=init_tls
0 65 4 4 14 0 0 13 1 1 12 6 0 0
fn=intel_check_word
0 904 10 10 82 6 6 16 0 0 236 57 0 0
fn=lseek
0 4 1 1 2 0 0 0 0 0 2 0 0 0
fn=malloc
0 165 4 4 38 2 0 11 0 0 22 14 1 1
fn=malloc_consolidate
0 651 4 4 3 0 0 257 32 32 129 10 0 0
fn=malloc_hook_ini
0 38 4 4 12 3 1 5 0 0 8 6 0 0
fn=map_doit
0 14 1 1 5 0 0 3 0 0 0 0 0 0
fn=match_symbol
0 356 5 5 140 14 14 36 0 0 92 12 0 0
fn=memcpy
0 388 6 6 59 0 0 46 8 8 101 56 0 0
fn=memcpy@GLIBC_2.2.5
0 17 2 2 4 0 0 0 0 0 3 0 0 0
fn=mempcpy
0 143 5 5 21 1 1 16 3 3 38 20 0 0
fn=memset
0 2510 1 1 11 0 0 2444 39 39 2455 55 0 0
fn=mmap
0 66 3 3 11 0 0 0 0 0 11 0 0 0
fn=mprotect
0 30 1 1 6 0 0 0 0 0 6 0 0 0
fn=munmap
0 10 0 0 2 0 0 0 0 0 2 0 0 0
fn=open
0 17 2 2 4 0 0 0 0 0 4 0 0 0
fn=open_verify
0 409 12 12 88 6 6 42 2 2 71 22 0 0
fn=openaux
0 34 2 2 16 0 0 6 0 0 0 0 0 0
fn=ptmalloc_init.part.8
0 385 7 7 126 40 1 15 4 2 117 21 0 0
fn=read
0 12 2 2 3 0 0 0 0 0 3 0 0 0
fn=rindex
0 24 2 2 2 1 0 0 0 0 3 0 0 0
fn=rtld_lock_default_lock_recursive
0 10 1 1 10 2 1 0 0 0 0 0 0 0
fn=rtld_lock_default_unlock_recursive
0 10 0 0 10 1 0 0 0 0 0 0 0 0
fn=sbrk
0 69 4 4 20 2 0 11 0 0 13 4 0 0
fn=strcasecmp
0 7 2 2 3 1 1 1 0 0 2 1 0 0
fn=strcmp
0 11929 1 1 3580 41 24 0 0 0 3218 249 0 0
fn=strdup
0 34 1 1 4 0 0 8 0 0 2 0 0 0
fn=strlen
0 597 4 4 70 0 0 0 0 0 147 38 0 0
fn=strncasecmp
0 6 2 2 3 0 0 0 0 0 2 2 0 0
fn=strsep
0 800 2 2 250 0 0 1 0 0 248 15 0 0
fn=time
0 14 2 2 1 0 0 5 0 0 0 0 0 0
fn=uname
0 5 1 1 1 0 0 0 0 0 1 0 0 0
fn=version_check_doit
0 10 1 1 4 0 0 2 0 0 1 1 0 0
fn=write
0 2 1 1 1 1 1 0 0 0 1 0 0 0
summary: 779080481453 971 965 485488806526 2557 2117 13582209491 500575 500535 19392947044 224916302 182287976534 54104775594
