desc: I1 cache:         32768 B, 64 B, 8-way associative
desc: D1 cache:         32768 B, 64 B, 8-way associative
desc: LL cache:         3145728 B, 64 B, 12-way associative
cmd: ./vm ../Common/a.out
events: Ir I1mr ILmr Dr D1mr DLmr Dw D1mw DLmw Bc Bcm Bi Bim
fl=/home/matt/Varsity/Treatise/Work/Virtual Machines/Register Mapped/../Common/utility.c
fn=file_to_memory
45 4 1 1 0 0 0 2 0 0 0 0 0 0
46 5 1 1 1 0 0 2 2 0 0 0 0 0
47 2 0 0 1 0 0 0 0 0 1 1 0 0
50 5 0 0 1 0 0 1 0 0 0 0 0 0
51 4 0 0 1 0 0 2 0 0 0 0 0 0
52 5 1 1 1 0 0 1 0 0 0 0 0 0
54 6 0 0 1 0 0 2 0 0 0 0 0 0
56 12 1 1 4 0 0 1 0 0 1 1 0 0
62 3 0 0 1 0 0 1 0 0 0 0 0 0
63 5 0 0 2 0 0 1 0 0 0 0 0 0
64 1 0 0 1 0 0 0 0 0 0 0 0 0
65 2 0 0 2 0 0 0 0 0 0 0 0 0
fn=main
7 5 1 1 0 0 0 3 0 0 0 0 0 0
8 7 0 0 3 1 0 1 0 0 0 0 0 0
fn=println
13 1041684 0 0 0 0 0 520842 0 0 0 0 0 0
14 1041684 1 1 260421 0 0 260421 0 0 0 0 0 0
15 520842 0 0 0 0 0 260421 0 0 0 0 0 0
16 781263 0 0 520842 0 0 0 0 0 0 0 0 0
fl=/home/matt/Varsity/Treatise/Work/Virtual Machines/Register Mapped//codetable.asm
fn=???
2324 19 1 1 0 0 0 0 0 0 0 0 0 0
2326 19 0 0 19 0 0 0 0 0 0 0 0 0
2327 19 0 0 19 0 0 0 0 0 0 0 19 1
2375 253906250 1 1 253906250 0 0 0 0 0 0 0 0 0
2376 253906250 0 0 253906250 0 0 0 0 0 0 0 0 0
2377 253906250 0 0 0 0 0 0 0 0 0 0 0 0
2378 253906250 0 0 0 0 0 0 0 0 0 0 0 0
2380 253906250 0 0 253906250 0 0 0 0 0 0 0 0 0
2381 253906250 0 0 253906250 0 0 0 0 0 0 0 253906250 6250002
2391 423432284 0 0 423432284 0 0 0 0 0 0 0 0 0
2392 423432284 0 0 423432284 0 0 0 0 0 0 0 0 0
2393 423432284 0 0 0 0 0 0 0 0 0 0 0 0
2394 423432284 0 0 0 0 0 0 0 0 0 0 0 0
2396 423432284 0 0 423432284 0 0 0 0 0 0 0 0 0
2397 423432284 0 0 423432284 0 0 0 0 0 0 0 423432284 1
2399 54166687 1 1 54166687 0 0 0 0 0 0 0 0 0
2400 54166687 0 0 54166687 0 0 0 0 0 0 0 0 0
2401 54166687 0 0 0 0 0 0 0 0 0 0 0 0
2402 54166687 0 0 0 0 0 0 0 0 0 0 0 0
2404 54166687 0 0 54166687 0 0 0 0 0 0 0 0 0
2405 54166687 0 0 54166687 1 1 0 0 0 0 0 54166687 1666670
2407 250000000 0 0 250000000 0 0 0 0 0 0 0 0 0
2408 250000000 0 0 250000000 0 0 0 0 0 0 0 0 0
2409 250000000 0 0 0 0 0 0 0 0 0 0 0 0
2410 250000000 1 1 0 0 0 0 0 0 0 0 0 0
2412 250000000 0 0 250000000 0 0 0 0 0 0 0 0 0
2413 250000000 0 0 250000000 0 0 0 0 0 0 0 250000000 2
2415 200000000 0 0 200000000 0 0 0 0 0 0 0 0 0
2416 200000000 0 0 200000000 0 0 0 0 0 0 0 0 0
2417 200000000 0 0 0 0 0 0 0 0 0 0 0 0
2418 200000000 0 0 0 0 0 0 0 0 0 0 0 0
2420 200000000 0 0 200000000 0 0 0 0 0 0 0 0 0
2421 200000000 0 0 200000000 1 1 0 0 0 0 0 200000000 1
2785 200000000 1 1 0 0 0 0 0 0 0 0 0 0
2787 200000000 0 0 200000000 0 0 0 0 0 0 0 0 0
2788 200000000 0 0 200000000 0 0 0 0 0 0 0 200000000 200000000
2851 200000000 1 1 200000000 0 0 0 0 0 0 0 0 0
2852 200000000 0 0 200000000 0 0 0 0 0 0 0 0 0
2853 200000000 0 0 0 0 0 0 0 0 0 0 0 0
2854 200000000 0 0 0 0 0 0 0 0 0 0 0 0
2856 200000000 0 0 200000000 0 0 0 0 0 0 0 0 0
2857 200000000 0 0 200000000 1 1 0 0 0 0 0 200000000 1
3418 200000000 1 1 200000000 0 0 0 0 0 0 0 0 0
3419 200000000 0 0 200000000 0 0 0 0 0 0 0 0 0
3420 200000000 0 0 0 0 0 0 0 0 0 0 0 0
3421 200000000 0 0 0 0 0 0 0 0 0 0 0 0
3422 200000000 0 0 0 0 0 0 0 0 0 0 0 0
3423 200000000 0 0 0 0 0 0 0 0 0 0 0 0
3424 200000000 0 0 0 0 0 0 0 0 0 0 0 0
3426 200000000 0 0 0 0 0 0 0 0 0 0 0 0
3428 200000000 0 0 0 0 0 0 0 0 0 0 0 0
3429 200000000 0 0 0 0 0 0 0 0 0 0 0 0
3430 200000000 0 0 0 0 0 0 0 0 0 0 0 0
3432 200000000 0 0 200000000 0 0 0 0 0 0 0 0 0
3433 200000000 0 0 200000000 0 0 0 0 0 0 0 200000000 1
3486 200000000 1 1 200000000 0 0 0 0 0 0 0 0 0
3487 200000000 0 0 200000000 0 0 0 0 0 0 0 0 0
3488 200000000 0 0 0 0 0 0 0 0 0 0 0 0
3489 200000000 0 0 0 0 0 0 0 0 0 0 0 0
3490 200000000 0 0 0 0 0 0 0 0 0 0 0 0
3491 200000000 0 0 0 0 0 0 0 0 0 0 0 0
3492 200000000 0 0 0 0 0 0 0 0 0 0 0 0
3494 200000000 0 0 0 0 0 0 0 0 0 0 0 0
3496 200000000 0 0 0 0 0 0 0 0 0 0 0 0
3497 200000000 0 0 0 0 0 0 0 0 0 0 0 0
3498 200000000 0 0 0 0 0 0 0 0 0 0 0 0
3500 200000000 0 0 200000000 0 0 0 0 0 0 0 0 0
3501 200000000 0 0 200000000 0 0 0 0 0 0 0 200000000 1
5238 3 1 1 0 0 0 0 0 0 0 0 0 0
5240 3 1 1 3 0 0 0 0 0 0 0 0 0
5241 3 0 0 3 0 0 0 0 0 0 0 3 1
5243 400000000 0 0 0 0 0 0 0 0 0 0 0 0
5245 400000000 0 0 400000000 0 0 0 0 0 0 0 0 0
5246 400000000 0 0 400000000 0 0 0 0 0 0 0 400000000 400000000
5253 200000000 0 0 0 0 0 0 0 0 0 0 0 0
5255 200000000 0 0 200000000 0 0 0 0 0 0 0 0 0
5256 200000000 0 0 200000000 0 0 0 0 0 0 0 200000000 1
5258 200000000 0 0 0 0 0 0 0 0 0 0 0 0
5260 200000000 0 0 200000000 0 0 0 0 0 0 0 0 0
5261 200000000 0 0 200000000 0 0 0 0 0 0 0 200000000 1
5308 200000000 0 0 0 0 0 0 0 0 0 0 0 0
5310 200000000 0 0 200000000 0 0 0 0 0 0 0 0 0
5311 200000000 0 0 200000000 0 0 0 0 0 0 0 200000000 1
5318 2 1 1 0 0 0 0 0 0 0 0 0 0
5320 2 1 1 2 0 0 0 0 0 0 0 0 0
5321 2 0 0 2 0 0 0 0 0 0 0 2 1
5535 200260447 1 1 200260447 0 0 0 0 0 0 0 0 0
5536 200260447 0 0 200260447 0 0 0 0 0 0 0 0 0
5537 200260447 0 0 0 0 0 0 0 0 0 0 0 0
5539 200260447 0 0 200260447 0 0 0 0 0 0 0 0 0
5540 200260447 0 0 200260447 3 3 0 0 0 0 0 200260447 416681
5549 204166687 0 0 204166687 0 0 0 0 0 0 0 0 0
5550 204166687 0 0 204166687 0 0 0 0 0 0 0 0 0
5551 204166687 0 0 0 0 0 0 0 0 0 0 0 0
5553 204166687 0 0 204166687 0 0 0 0 0 0 0 0 0
5554 204166687 0 0 204166687 0 0 0 0 0 0 0 204166687 6666668
5556 174239 0 0 174239 0 0 0 0 0 0 0 0 0
5557 174239 0 0 174239 0 0 0 0 0 0 0 0 0
5558 174239 0 0 0 0 0 0 0 0 0 0 0 0
5560 174239 0 0 174239 0 0 0 0 0 0 0 0 0
5561 174239 0 0 174239 2 2 0 0 0 0 0 174239 4
5563 8333334 0 0 8333334 0 0 0 0 0 0 0 0 0
5564 8333334 0 0 8333334 0 0 0 0 0 0 0 0 0
5565 8333334 0 0 0 0 0 0 0 0 0 0 0 0
5567 8333334 0 0 8333334 0 0 0 0 0 0 0 0 0
5568 8333334 0 0 8333334 1 1 0 0 0 0 0 8333334 8333334
5570 1 1 1 1 0 0 0 0 0 0 0 0 0
5571 1 0 0 1 0 0 0 0 0 0 0 0 0
5572 1 0 0 0 0 0 0 0 0 0 0 0 0
5574 1 0 0 1 0 0 0 0 0 0 0 0 0
5575 1 1 1 1 1 1 0 0 0 0 0 1 1
5615 400000002 1 1 400000002 0 0 0 0 0 0 0 0 0
5616 400000002 0 0 400000002 0 0 0 0 0 0 0 0 0
5618 400000002 0 0 400000002 0 0 0 0 0 0 0 0 0
5619 400000002 0 0 400000002 1 1 0 0 0 0 0 400000002 400000001
5621 100833334 0 0 100833334 0 0 0 0 0 0 0 0 0
5622 100833334 0 0 100833334 0 0 0 0 0 0 0 0 0
5624 100833334 0 0 100833334 0 0 0 0 0 0 0 0 0
5625 100833334 0 0 100833334 0 0 0 0 0 0 0 100833334 100833334
5627 5000005 0 0 5000005 0 0 0 0 0 0 0 0 0
5628 5000005 0 0 5000005 0 0 0 0 0 0 0 0 0
5630 5000005 0 0 5000005 0 0 0 0 0 0 0 0 0
5631 5000005 0 0 5000005 1 1 0 0 0 0 0 5000005 1666673
5646 200000002 1 1 200000002 0 0 0 0 0 0 0 0 0
5647 200000002 0 0 200000002 0 0 0 0 0 0 0 0 0
5649 200000002 0 0 200000002 0 0 0 0 0 0 0 0 0
5650 200000002 0 0 200000002 0 0 0 0 0 0 0 200000002 1
5658 50000000 1 1 50000000 0 0 0 0 0 0 0 0 0
5659 50000000 0 0 50000000 0 0 0 0 0 0 0 0 0
5661 50000000 0 0 50000000 0 0 0 0 0 0 0 0 0
5662 50000000 0 0 50000000 1 1 0 0 0 0 0 50000000 1
5683 200000007 1 1 200000007 0 0 0 0 0 0 0 0 0
5684 200000007 0 0 0 0 0 200000007 0 0 0 0 0 0
5686 200000007 0 0 200000007 0 0 0 0 0 0 0 0 0
5687 200000007 0 0 200000007 3 3 0 0 0 0 0 200000007 5
5695 50000000 0 0 50000000 0 0 0 0 0 0 0 0 0
5696 50000000 0 0 0 0 0 50000000 0 0 0 0 0 0
5698 50000000 0 0 50000000 0 0 0 0 0 0 0 0 0
5699 50000000 0 0 50000000 0 0 0 0 0 0 0 50000000 1
5701 5000002 0 0 5000002 0 0 0 0 0 0 0 0 0
5702 5000002 0 0 0 0 0 5000002 0 0 0 0 0 0
5704 5000002 0 0 5000002 0 0 0 0 0 0 0 0 0
5705 5000002 0 0 5000002 0 0 0 0 0 0 0 5000002 1666669
5726 3 1 1 3 0 0 0 0 0 0 0 0 0
5727 3 1 1 0 0 0 3 0 0 0 0 0 0
5729 3 0 0 3 0 0 0 0 0 0 0 0 0
5730 3 0 0 3 1 1 0 0 0 0 0 3 2
5901 200000000 1 1 200000000 0 0 0 0 0 0 0 0 0
5902 200000000 0 0 200000000 0 0 0 0 0 0 0 0 0
5904 200000000 0 0 200000000 0 0 0 0 0 0 0 0 0
5905 200000000 0 0 200000000 0 0 0 0 0 0 0 200000000 1
5925 623432303 1 1 623432303 0 0 0 0 0 0 0 0 0
5926 623432303 0 0 623432303 0 0 0 0 0 0 0 0 0
5928 623432303 0 0 623432303 0 0 0 0 0 0 0 0 0
5929 623432303 0 0 623432303 2 2 0 0 0 0 0 623432303 2
6287 38 1 1 38 0 0 0 0 0 0 0 0 0
6288 38 0 0 0 0 0 38 0 0 0 0 0 0
6290 38 0 0 38 0 0 0 0 0 0 0 0 0
6291 38 0 0 38 1 1 0 0 0 0 0 38 2
6323 19 1 1 19 0 0 0 0 0 0 0 0 0
6324 19 0 0 0 0 0 19 0 0 0 0 0 0
6326 19 0 0 19 0 0 0 0 0 0 0 0 0
6327 19 0 0 19 1 1 0 0 0 0 0 19 1
7846 823432284 1 1 823432284 0 0 0 0 0 0 0 0 0
7848 823432284 0 0 823432284 0 0 0 0 0 0 0 0 0
7849 823432284 0 0 823432284 0 0 0 0 0 0 0 823432284 400000000
7996 38 1 1 38 0 0 0 0 0 0 0 0 0
7998 38 0 0 38 0 0 0 0 0 0 0 0 0
7999 38 0 0 38 1 1 0 0 0 0 0 38 38
9928 19 1 1 0 0 0 19 1 1 0 0 0 0
9930 19 0 0 19 0 0 0 0 0 0 0 0 0
9931 19 0 0 19 0 0 0 0 0 0 0 19 1
10749 50000000 1 1 50000000 0 0 0 0 0 0 0 0 0
10751 50000000 0 0 50000000 0 0 0 0 0 0 0 0 0
10752 50000000 0 0 50000000 1 1 0 0 0 0 0 50000000 1
11227 200000000 1 1 0 0 0 200000000 27 27 0 0 0 0
11229 200000000 0 0 200000000 0 0 0 0 0 0 0 0 0
11230 200000000 0 0 200000000 1 1 0 0 0 0 0 200000000 1
11491 50000000 1 1 0 0 0 50000000 15 15 0 0 0 0
11493 50000000 0 0 50000000 0 0 0 0 0 0 0 0 0
11494 50000000 1 1 50000000 0 0 0 0 0 0 0 50000000 1
11671 2 1 1 0 0 0 0 0 0 0 0 0 0
11672 2 0 0 0 0 0 2 0 0 0 0 0 0
11673 2 0 0 0 0 0 0 0 0 0 0 0 0
11675 2 0 0 2 0 0 0 0 0 0 0 0 0
11676 2 0 0 2 0 0 0 0 0 0 0 2 1
11911 4166666 1 1 0 0 0 0 0 0 0 0 0 0
11912 4166666 0 0 0 0 0 4166666 1 1 0 0 0 0
11913 4166666 0 0 0 0 0 0 0 0 0 0 0 0
11915 4166666 0 0 4166666 0 0 0 0 0 0 0 0 0
11916 4166666 0 0 4166666 0 0 0 0 0 0 0 4166666 520833
12391 677859389 1 1 677859389 0 0 0 0 0 0 0 0 0
12392 677859389 0 0 0 0 0 0 0 0 0 0 0 0
12394 677859389 0 0 677859389 0 0 0 0 0 0 0 0 0
12395 677859389 0 0 677859389 0 0 0 0 0 0 0 677859389 289977107
12606 623432284 0 0 0 0 0 0 0 0 0 0 0 0
12607 623432284 0 0 0 0 0 0 0 0 623432284 0 0 0
12608 623432284 0 0 0 0 0 0 0 0 623432284 0 0 0
12610 623432284 0 0 623432284 0 0 0 0 0 0 0 0 0
12611 623432284 0 0 0 0 0 0 0 0 0 0 0 0
12618 623432284 0 0 0 0 0 0 0 0 0 0 0 0
12620 623432284 0 0 623432284 0 0 0 0 0 0 0 0 0
12621 623432284 0 0 623432284 1 1 0 0 0 0 0 623432284 1
12623 21 1 1 0 0 0 0 0 0 0 0 0 0
12624 21 0 0 0 0 0 0 0 0 21 0 0 0
12625 21 0 0 0 0 0 0 0 0 21 2 0 0
12627 19 0 0 19 0 0 0 0 0 0 0 0 0
12628 19 0 0 0 0 0 0 0 0 0 0 0 0
12630 2 0 0 2 0 0 0 0 0 0 0 0 0
12631 2 0 0 0 0 0 0 0 0 0 0 0 0
12635 21 0 0 0 0 0 0 0 0 0 0 0 0
12637 21 0 0 21 0 0 0 0 0 0 0 0 0
12638 21 0 0 21 1 1 0 0 0 0 0 21 4
12708 50000000 0 0 0 0 0 0 0 0 0 0 0 0
12709 50000000 0 0 0 0 0 0 0 0 50000000 0 0 0
12710 50000000 0 0 0 0 0 0 0 0 50000000 174216 0 0
12712 49825784 0 0 49825784 0 0 0 0 0 0 0 0 0
12713 49825784 0 0 0 0 0 0 0 0 0 0 0 0
12715 174216 0 0 174216 0 0 0 0 0 0 0 0 0
12716 174216 0 0 0 0 0 0 0 0 0 0 0 0
12720 50000000 0 0 0 0 0 0 0 0 0 0 0 0
12722 50000000 0 0 50000000 0 0 0 0 0 0 0 0 0
12723 50000000 0 0 50000000 0 0 0 0 0 0 0 50000000 348433
12725 254166668 1 1 0 0 0 0 0 0 0 0 0 0
12726 254166668 0 0 0 0 0 0 0 0 254166668 0 0 0
12727 254166668 0 0 0 0 0 0 0 0 254166668 4166668 0 0
12729 250000000 0 0 250000000 0 0 0 0 0 0 0 0 0
12730 250000000 0 0 0 0 0 0 0 0 0 0 0 0
12732 4166668 0 0 4166668 0 0 0 0 0 0 0 0 0
12733 4166668 0 0 0 0 0 0 0 0 0 0 0 0
12737 254166668 1 1 0 0 0 0 0 0 0 0 0 0
12739 254166668 0 0 254166668 0 0 0 0 0 0 0 0 0
12740 254166668 0 0 254166668 1 1 0 0 0 0 0 254166668 8333336
12895 623432284 1 1 0 0 0 0 0 0 0 0 0 0
12896 623432284 0 0 0 0 0 0 0 0 623432284 203381956 0 0
12897 200142524 0 0 0 0 0 0 0 0 200142524 142524 0 0
12899 200000000 0 0 200000000 0 0 0 0 0 0 0 0 0
12900 200000000 0 0 0 0 0 0 0 0 0 0 0 0
12902 142524 0 0 142524 0 0 0 0 0 0 0 0 0
12903 142524 0 0 0 0 0 0 0 0 0 0 0 0
12905 423289760 1 1 423289760 0 0 0 0 0 0 0 0 0
12907 623432284 0 0 0 0 0 0 0 0 0 0 0 0
12909 623432284 0 0 623432284 0 0 0 0 0 0 0 0 0
12910 623432284 0 0 623432284 0 0 0 0 0 0 0 623432284 283747998
13015 4166671 1 1 4166671 0 0 0 0 0 0 0 0 0
13016 4166671 0 0 4166671 0 0 0 0 0 0 0 0 0
13017 4166671 0 0 0 0 0 0 0 0 0 0 0 0
13018 4166671 0 0 0 0 0 0 0 0 4166671 260418 0 0
13019 3906253 0 0 0 0 0 0 0 0 3906253 1 0 0
13021 3906252 0 0 3906252 0 0 0 0 0 0 0 0 0
13022 3906252 0 0 0 0 0 0 0 0 0 0 0 0
13024 1 0 0 1 0 0 0 0 0 0 0 0 0
13025 1 0 0 0 0 0 0 0 0 0 0 0 0
13027 260418 0 0 260418 0 0 0 0 0 0 0 0 0
13029 4166671 0 0 0 0 0 0 0 0 0 0 0 0
13031 4166671 0 0 4166671 0 0 0 0 0 0 0 0 0
13032 4166671 0 0 4166671 0 0 0 0 0 0 0 4166671 520837
13072 12239591 1 1 12239591 0 0 0 0 0 0 0 0 0
13073 12239591 0 0 12239591 0 0 0 0 0 0 0 0 0
13074 12239591 0 0 0 0 0 0 0 0 0 0 0 0
13075 12239591 0 0 0 0 0 0 0 0 12239591 32 0 0
13076 8 0 0 0 0 0 0 0 0 8 2 0 0
13078 6 0 0 6 0 0 0 0 0 0 0 0 0
13079 6 0 0 0 0 0 0 0 0 0 0 0 0
13081 2 0 0 2 0 0 0 0 0 0 0 0 0
13082 2 0 0 0 0 0 0 0 0 0 0 0 0
13084 12239583 0 0 12239583 0 0 0 0 0 0 0 0 0
13086 12239591 0 0 0 0 0 0 0 0 0 0 0 0
13088 12239591 0 0 12239591 0 0 0 0 0 0 0 0 0
13089 12239591 1 1 12239591 1 1 0 0 0 0 0 12239591 12239591
13576 400000005 1 1 400000005 0 0 0 0 0 0 0 0 0
13577 400000005 0 0 0 0 0 0 0 0 0 0 0 0
13578 400000005 0 0 0 0 0 0 0 0 0 0 0 0
13579 400000005 0 0 400000005 0 0 0 0 0 0 0 0 0
13580 400000005 0 0 0 0 0 0 0 0 0 0 0 0
13581 400000005 0 0 0 0 0 0 0 0 0 0 0 0
13582 400000005 0 0 0 0 0 0 0 0 0 0 0 0
13584 400000005 0 0 0 0 0 400000005 0 0 0 0 0 0
13585 2400000030 1 1 0 0 0 2400000030 0 0 0 0 0 0
13586 400000005 0 0 0 0 0 400000005 0 0 0 0 0 0
13587 2400000030 0 0 2400000030 0 0 0 0 0 0 0 0 0
13588 400000005 0 0 400000005 0 0 0 0 0 0 0 0 0
13590 400000005 0 0 0 0 0 0 0 0 0 0 0 0
13591 400000005 0 0 0 0 0 400000005 1 1 0 0 0 0
13592 400000005 0 0 0 0 0 400000005 0 0 0 0 0 0
13593 400000005 0 0 0 0 0 400000005 2 2 0 0 0 0
13594 400000005 0 0 0 0 0 400000005 0 0 0 0 0 0
13595 400000005 0 0 0 0 0 400000005 1 1 0 0 0 0
13596 400000005 0 0 0 0 0 400000005 0 0 0 0 0 0
13597 400000005 0 0 0 0 0 400000005 0 0 0 0 0 0
13598 400000005 0 0 0 0 0 400000005 0 0 0 0 0 0
13599 400000005 0 0 0 0 0 400000005 1 1 0 0 0 0
13600 400000005 0 0 0 0 0 400000005 0 0 0 0 0 0
13601 400000005 1 1 0 0 0 0 0 0 0 0 0 0
13602 400000005 0 0 0 0 0 0 0 0 0 0 0 0
13603 400000005 0 0 0 0 0 0 0 0 0 0 0 0
13604 400000005 0 0 0 0 0 0 0 0 0 0 0 0
13606 400000005 0 0 0 0 0 0 0 0 0 0 0 0
13607 400000005 0 0 0 0 0 400000005 0 0 0 0 0 0
13609 400000005 0 0 0 0 0 0 0 0 0 0 0 0
13610 400000005 0 0 400000005 0 0 0 0 0 0 0 0 0
13611 400000005 0 0 0 0 0 0 0 0 0 0 0 0
13612 400000005 0 0 400000005 0 0 0 0 0 0 0 0 0
13614 400000005 0 0 0 0 0 0 0 0 0 0 0 0
13615 400000005 0 0 0 0 0 0 0 0 0 0 0 0
13616 400000005 0 0 0 0 0 0 0 0 0 0 0 0
13617 400000005 0 0 0 0 0 0 0 0 0 0 0 0
13618 400000005 0 0 0 0 0 0 0 0 0 0 0 0
13619 400000005 0 0 0 0 0 0 0 0 0 0 0 0
13621 400000005 0 0 0 0 0 0 0 0 0 0 0 0
13623 1000000018 0 0 0 0 0 0 0 0 1000000018 75000014 0 0
13624 600000013 0 0 600000013 0 0 600000013 0 0 0 0 0 0
13625 600000013 0 0 0 0 0 0 0 0 0 0 0 0
13626 600000013 1 1 0 0 0 0 0 0 0 0 0 0
13629 400000005 0 0 0 0 0 0 0 0 0 0 0 0
13631 400000005 0 0 0 0 0 0 0 0 0 0 0 0
13632 400000005 0 0 0 0 0 0 0 0 0 0 0 0
13633 400000005 0 0 0 0 0 0 0 0 0 0 0 0
13634 400000005 0 0 0 0 0 0 0 0 0 0 0 0
13635 400000005 0 0 0 0 0 0 0 0 0 0 0 0
13636 400000005 0 0 0 0 0 0 0 0 0 0 0 0
13638 400000005 0 0 400000005 0 0 0 0 0 0 0 0 0
13639 400000005 0 0 400000005 2 2 0 0 0 0 0 400000005 400000001
13642 400000006 0 0 0 0 0 0 0 0 0 0 0 0
13643 400000006 0 0 0 0 0 0 0 0 0 0 0 0
13645 400000006 0 0 400000006 0 0 0 0 0 0 0 0 0
13646 400000006 0 0 400000006 0 0 0 0 0 0 0 0 0
13647 400000006 0 0 400000006 0 0 0 0 0 0 0 0 0
13648 400000006 0 0 400000006 0 0 0 0 0 0 0 0 0
13649 400000006 0 0 400000006 0 0 0 0 0 0 0 0 0
13650 400000006 1 1 400000006 0 0 0 0 0 0 0 0 0
13652 2400000036 0 0 0 0 0 2400000036 0 0 0 0 0 0
13653 400000006 0 0 0 0 0 400000006 0 0 0 0 0 0
13654 2400000036 0 0 2400000036 0 0 0 0 0 0 0 0 0
13656 400000006 0 0 0 0 0 0 0 0 0 0 0 0
13657 400000006 0 0 0 0 0 0 0 0 400000006 1 0 0
13659 400000005 0 0 0 0 0 0 0 0 0 0 0 0
13661 400000005 0 0 400000005 0 0 0 0 0 0 0 0 0
13662 400000005 0 0 400000005 1 1 0 0 0 0 0 400000005 400000004
13745 19 1 1 19 0 0 0 0 0 0 0 0 0
13746 19 0 0 0 0 0 0 0 0 0 0 0 0
13747 19 0 0 0 0 0 0 0 0 0 0 0 0
13748 19 0 0 19 0 0 0 0 0 0 0 0 0
13749 19 0 0 0 0 0 0 0 0 0 0 0 0
13750 19 0 0 0 0 0 0 0 0 0 0 0 0
13751 19 0 0 0 0 0 19 0 0 0 0 0 0
13752 114 0 0 0 0 0 114 0 0 0 0 0 0
13753 19 0 0 0 0 0 19 0 0 0 0 0 0
13754 114 1 1 95 0 0 0 0 0 0 0 0 0
13755 19 0 0 0 0 0 0 0 0 0 0 0 0
13756 19 0 0 19 0 0 0 0 0 0 0 0 0
13757 19 0 0 0 0 0 0 0 0 0 0 0 0
13758 19 0 0 0 0 0 0 0 0 0 0 0 0
13759 19 0 0 0 0 0 19 0 0 0 0 0 0
13760 19 0 0 0 0 0 0 0 0 0 0 0 0
13762 19 0 0 19 0 0 0 0 0 0 0 0 0
13763 19 0 0 19 1 1 0 0 0 0 0 19 1
13786 2 1 1 0 0 0 0 0 0 0 0 0 0
13787 2 0 0 0 0 0 0 0 0 0 0 0 0
13788 2 0 0 0 0 0 0 0 0 0 0 0 0
13789 12 1 1 0 0 0 12 0 0 0 0 0 0
13790 2 0 0 0 0 0 2 0 0 0 0 0 0
13791 12 0 0 10 0 0 0 0 0 0 0 0 0
13792 2 0 0 0 0 0 0 0 0 0 0 0 0
13793 2 0 0 0 0 0 0 0 0 0 0 0 0
13794 2 0 0 0 0 0 0 0 0 0 0 0 0
13795 2 0 0 0 0 0 0 0 0 0 0 0 0
13796 2 0 0 0 0 0 2 0 0 0 0 0 0
13797 2 0 0 0 0 0 0 0 0 0 0 0 0
13799 2 0 0 2 0 0 0 0 0 0 0 0 0
13800 2 0 0 2 1 1 0 0 0 0 0 2 1
14267 3 1 1 0 0 0 0 0 0 0 0 0 0
14268 3 0 0 0 0 0 0 0 0 0 0 0 0
14269 18 0 0 0 0 0 18 0 0 0 0 0 0
14270 3 0 0 0 0 0 3 0 0 0 0 0 0
14271 18 0 0 15 0 0 0 0 0 0 0 0 0
14272 3 0 0 0 0 0 0 0 0 0 0 0 0
14273 3 0 0 0 0 0 0 0 0 0 0 0 0
14274 3 0 0 0 0 0 0 0 0 0 0 0 0
14275 3 0 0 0 0 0 3 0 0 0 0 0 0
14276 3 0 0 0 0 0 0 0 0 0 0 0 0
14278 3 1 1 3 0 0 0 0 0 0 0 0 0
14279 3 0 0 3 0 0 0 0 0 0 0 3 1
14711 4 1 1 4 0 0 0 0 0 0 0 0 0
14712 4 0 0 0 0 0 0 0 0 0 0 0 0
14713 4 0 0 0 0 0 0 0 0 0 0 0 0
14714 4 0 0 4 0 0 0 0 0 0 0 0 0
14715 4 0 0 0 0 0 0 0 0 0 0 0 0
14716 24 0 0 0 0 0 24 0 0 0 0 0 0
14717 4 0 0 0 0 0 4 0 0 0 0 0 0
14718 4 0 0 0 0 0 4 0 0 0 0 0 0
14719 4 0 0 0 0 0 4 0 0 0 0 0 0
14720 4 0 0 0 0 0 0 0 0 0 0 0 0
14721 4 0 0 4 0 0 0 0 0 0 0 0 0
14722 4 0 0 4 0 0 0 0 0 0 0 0 0
14723 4 1 1 0 0 0 4 0 0 0 0 0 0
14724 24 0 0 20 0 0 0 0 0 0 0 0 0
14725 4 0 0 0 0 0 0 0 0 0 0 0 0
14726 4 0 0 4 0 0 0 0 0 0 0 0 0
14727 4 0 0 0 0 0 0 0 0 0 0 0 0
14728 4 0 0 0 0 0 4 0 0 0 0 0 0
14729 4 0 0 0 0 0 0 0 0 0 0 0 0
14731 4 0 0 4 0 0 0 0 0 0 0 0 0
14732 4 0 0 4 1 1 0 0 0 0 0 4 2
15061 260421 1 1 0 0 0 0 0 0 0 0 0 0
15062 260421 0 0 0 0 0 0 0 0 0 0 0 0
15063 1562526 1 1 0 0 0 1562526 0 0 0 0 0 0
15064 260421 0 0 0 0 0 260421 0 0 0 0 0 0
15065 1562526 0 0 1562526 0 0 0 0 0 0 0 0 0
15067 260421 0 0 260421 0 0 0 0 0 0 0 0 0
15068 260421 0 0 260421 0 0 0 0 0 0 0 260421 62056
fl=/home/matt/Varsity/Treatise/Work/Virtual Machines/Register Mapped//templates/dispatch
fn=???
2 1 0 0 1 0 0 0 0 0 0 0 0 0
3 1 0 0 1 1 1 0 0 0 0 0 1 1
fl=/home/matt/Varsity/Treatise/Work/Virtual Machines/Register Mapped//vm.asm
fn=???
39 1 1 1 0 0 0 0 0 0 0 0 0 0
40 1 0 0 0 0 0 1 0 0 0 0 0 0
42 1 0 0 0 0 0 0 0 0 0 0 0 0
43 1 0 0 0 0 0 0 0 0 1 0 0 0
45 1 0 0 0 0 0 0 0 0 0 0 0 0
48 1 0 0 1 0 0 0 0 0 0 0 0 0
50 1 0 0 0 0 0 0 0 0 0 0 0 0
51 1 0 0 0 0 0 0 0 0 0 0 0 0
52 1 0 0 0 0 0 0 0 0 0 0 0 0
53 1 0 0 0 0 0 0 0 0 0 0 0 0
54 1 0 0 0 0 0 0 0 0 0 0 0 0
56 1 0 0 0 0 0 0 0 0 0 0 0 0
57 1 0 0 0 0 0 0 0 0 0 0 0 0
58 1 1 1 0 0 0 0 0 0 0 0 0 0
59 1 0 0 0 0 0 1 0 0 0 0 0 0
60 1 0 0 0 0 0 1 0 0 0 0 0 0
61 1 0 0 0 0 0 1 0 0 0 0 0 0
62 1 0 0 0 0 0 0 0 0 0 0 0 0
63 1 0 0 1 0 0 0 0 0 0 0 0 0
64 1 0 0 0 0 0 0 0 0 0 0 0 0
65 1 0 0 0 0 0 0 0 0 0 0 0 0
66 1 0 0 0 0 0 1 0 0 0 0 0 0
67 1 0 0 0 0 0 0 0 0 0 0 0 0
68 1 0 0 0 0 0 0 0 0 0 0 0 0
69 1 0 0 0 0 0 0 0 0 0 0 0 0
70 1 0 0 0 0 0 1 0 0 0 0 0 0
75 1 0 0 0 0 0 0 0 0 0 0 0 0
83 1 1 1 0 0 0 0 0 0 0 0 0 0
84 1 1 0 0 0 0 1 0 0 0 0 0 0
fl=???
fn=(below main)
0 58 4 4 17 2 0 16 0 0 7 0 2 2
fn=???
0 800521104 26 18 800520997 8 0 40 1 1 11 5 800520959 29
fn=_Exit
0 8 2 2 1 0 0 0 0 0 0 0 0 0
fn=_IO_cleanup
0 100 8 8 30 1 0 17 0 0 21 12 1 1
fn=_IO_default_finish
0 19 3 3 7 0 0 2 0 0 4 3 0 0
fn=_IO_default_setbuf
0 38 4 4 8 0 0 14 0 0 4 2 1 1
fn=_IO_default_xsputn
0 2427719 3 3 510365 0 0 446786 0 0 263679 2885 0 0
fn=_IO_do_write@@GLIBC_2.2.5
0 3226760 5 5 930796 0 0 682583 0 0 434372 9 62053 62053
fn=_IO_doallocbuf
0 36 2 2 16 0 0 8 1 0 6 4 2 1
fn=_IO_file_close
0 2 1 1 1 0 0 0 0 0 0 0 0 0
fn=_IO_file_close_it@@GLIBC_2.2.5
0 48 4 4 10 0 0 16 0 0 4 2 1 1
fn=_IO_file_doallocate
0 102 4 4 22 2 0 14 1 0 12 2 2 1
fn=_IO_file_finish@@GLIBC_2.2.5
0 8 2 2 2 0 0 1 0 0 1 1 0 0
fn=_IO_file_fopen@@GLIBC_2.2.5
0 76 9 9 13 1 1 11 0 0 15 5 0 0
fn=_IO_file_init@@GLIBC_2.2.5
0 13 2 2 4 0 0 5 0 0 0 0 0 0
fn=_IO_file_overflow@@GLIBC_2.2.5
0 1365214 6 6 372328 0 0 186172 0 0 248220 12 0 0
fn=_IO_file_read
0 4 1 1 2 0 0 0 0 0 1 1 0 0
fn=_IO_file_seek
0 4 1 1 2 0 0 0 0 0 0 0 0 0
fn=_IO_file_seekoff@@GLIBC_2.2.5
0 213 16 16 61 0 0 39 0 0 36 13 4 4
fn=_IO_file_setbuf@@GLIBC_2.2.5
0 15 1 1 3 0 0 8 0 0 1 0 0 0
fn=_IO_file_stat
0 12 1 1 3 0 0 0 0 0 0 0 0 0
fn=_IO_file_sync@@GLIBC_2.2.5
0 13 3 3 6 0 0 2 0 0 2 1 0 0
fn=_IO_file_write@@GLIBC_2.2.5
0 2233908 2 2 496424 0 0 310265 0 0 310265 6848 0 0
fn=_IO_file_xsgetn
0 33 4 4 10 0 0 6 0 0 3 1 0 0
fn=_IO_file_xsputn@@GLIBC_2.2.5
0 13853150 6 6 2852422 1 1 2207472 1 0 1550315 35 62053 2
fn=_IO_flush_all_lockp
0 96 8 8 27 6 2 13 0 0 22 15 1 1
fn=_IO_link_in
0 85 9 9 30 3 2 16 0 0 18 10 0 0
fn=_IO_no_init
0 33 3 3 5 0 0 20 2 2 1 0 0 0
fn=_IO_old_init
0 25 3 3 2 0 0 19 2 2 1 0 0 0
fn=_IO_seekoff_unlocked
0 47 2 2 11 1 0 3 0 0 10 3 3 1
fn=_IO_setb
0 76 1 1 19 0 0 18 1 0 4 3 0 0
fn=_IO_sgetn
0 3 1 1 2 0 0 0 0 0 0 0 1 1
fn=_IO_un_link
0 91 11 11 32 0 0 15 0 0 20 11 0 0
fn=_IO_unsave_markers
0 7 2 2 3 0 0 0 0 0 2 2 0 0
fn=__GI_memcpy
0 288 5 5 266 34 32 264 33 33 270 10 0 0
fn=__GI_mempcpy
0 108572837 5 5 32920653 0 0 32599706 31 31 11324397 544061 0 0
fn=__GI_strstr
0 24 6 6 9 1 1 6 0 0 2 2 0 0
fn=__call_tls_dtors
0 12 3 3 5 0 0 4 0 0 1 1 0 0
fn=__close_nocancel
0 5 1 1 1 0 0 0 0 0 1 0 0 0
fn=__ctype_init
0 16 2 2 10 1 0 3 0 0 0 0 0 0
fn=__cxa_atexit
0 22 2 2 5 0 0 8 0 0 1 0 0 0
fn=__cxa_finalize
0 46 4 4 12 2 0 6 0 0 7 1 0 0
fn=__default_morecore
0 14 1 1 2 0 0 2 1 0 0 0 0 0
fn=__fopen_internal
0 39 3 3 4 0 0 10 1 1 2 0 0 0
fn=__fopen_maybe_mmap
0 4 1 1 2 0 0 0 0 0 1 1 0 0
fn=__init_cpu_features
0 79 9 9 9 2 2 13 0 0 13 5 1 1
fn=__init_misc
0 24 2 2 7 0 0 5 1 0 2 0 0 0
fn=__libc_csu_init
0 34 2 2 8 1 0 8 0 0 2 0 1 1
fn=__libc_memalign
0 535 4 4 104 0 0 102 1 1 60 20 0 0
fn=__linkin_atfork
0 9 2 2 4 2 0 1 0 0 2 1 0 0
fn=__lseek_nocancel
0 10 0 0 2 0 0 0 0 0 2 0 0 0
fn=__memcpy_sse2_unaligned
0 151 5 5 38 0 0 34 4 4 21 8 0 0
fn=__new_exitfn
0 38 6 6 11 5 3 5 0 0 7 6 0 0
fn=__open_nocancel
0 5 1 1 1 0 0 0 0 0 1 0 0 0
fn=__read_nocancel
0 5 0 0 1 0 0 0 0 0 1 1 0 0
fn=__run_exit_handlers
0 56 5 5 9 3 0 10 0 0 9 2 2 2
fn=__sigjmp_save
0 9 0 0 2 0 0 2 0 0 1 1 0 0
fn=__sigsetjmp
0 79 4 4 19 0 0 32 1 1 0 0 0 0
fn=__tls_get_addr
0 11 2 2 7 2 0 0 0 0 2 0 0 0
fn=__unregister_atfork
0 13 2 1 5 0 0 1 0 0 3 2 0 0
fn=__write_nocancel
0 310265 0 0 62053 0 0 0 0 0 62053 0 0 0
fn=_dl_add_to_namespace_list
0 103 2 2 29 0 0 23 0 0 8 5 6 2
fn=_dl_add_to_slotinfo
0 24 2 2 9 3 0 6 0 0 1 0 0 0
fn=_dl_addr
0 56044 10 10 13650 1012 858 17 1 0 12809 1988 2 2
fn=_dl_allocate_tls_init
0 78 6 6 25 2 0 13 0 0 8 2 0 0
fn=_dl_allocate_tls_storage
0 323 3 3 7 0 0 296 37 37 290 10 0 0
fn=_dl_cache_libcmp
0 735 4 4 112 10 10 0 0 0 203 35 0 0
fn=_dl_catch_error
0 120 4 4 33 0 0 60 6 6 3 0 6 3
fn=_dl_check_all_versions
0 75 2 2 13 0 0 8 0 0 9 3 0 0
fn=_dl_check_map_versions
0 1233 13 13 403 6 6 167 13 13 146 53 0 0
fn=_dl_count_modids
0 4 1 1 3 0 0 0 0 0 1 0 0 0
fn=_dl_debug_initialize
0 41 3 3 13 2 1 4 0 0 12 11 0 0
fn=_dl_debug_state
0 2 0 0 2 0 0 0 0 0 0 0 0 0
fn=_dl_determine_tlsoffset
0 56 5 5 11 0 0 8 0 0 4 1 0 0
fn=_dl_discover_osversion
0 80 5 5 14 1 1 7 1 1 14 8 0 0
fn=_dl_find_dso_for_object
0 30 3 3 12 0 0 0 0 0 11 5 0 0
fn=_dl_fini
0 257 10 10 88 18 0 36 3 0 48 10 6 6
fn=_dl_fixup
0 1047 7 7 412 36 5 131 0 0 117 14 1 1
fn=_dl_important_hwcaps
0 259 18 18 51 0 0 44 2 2 31 14 0 0
fn=_dl_init
0 86 5 5 24 1 0 12 0 0 12 5 0 0
fn=_dl_init_paths
0 91 10 10 14 0 0 33 2 2 7 3 0 0
fn=_dl_initial_error_catch_tsd
0 8 0 0 4 0 0 0 0 0 0 0 0 0
fn=_dl_load_cache_lookup
0 323 15 15 58 9 9 32 0 0 56 9 0 0
fn=_dl_lookup_symbol_x
0 20007 10 10 4335 104 90 2521 9 0 2355 162 0 0
fn=_dl_map_object
0 415 26 26 86 0 0 67 4 4 68 22 0 0
fn=_dl_map_object_deps
0 1082 37 37 224 1 1 124 1 1 233 50 0 0
fn=_dl_map_object_from_fd
0 1729 49 49 363 17 17 199 22 22 336 94 0 0
fn=_dl_name_match_p
0 1643 3 3 425 3 0 244 1 1 245 38 0 0
fn=_dl_new_object
0 605 15 15 106 4 4 115 26 26 90 43 0 0
fn=_dl_next_ld_env_entry
0 343 2 2 118 25 25 1 0 0 114 21 0 0
fn=_dl_next_tls_modid
0 6 1 1 3 0 0 1 0 0 1 0 0 0
fn=_dl_receive_error
0 28 2 2 10 0 0 12 0 0 0 0 2 2
fn=_dl_relocate_object
0 18882 51 51 5173 672 616 2418 253 241 2789 144 111 13
fn=_dl_runtime_resolve
0 377 4 4 117 0 0 104 0 0 0 0 13 13
fn=_dl_setup_hash
0 88 2 2 28 5 5 24 0 0 4 0 0 0
fn=_dl_sort_fini
0 170 6 6 51 1 0 20 0 0 27 8 0 0
fn=_dl_start
0 620 16 16 128 25 23 55 18 17 110 30 7 1
fn=_dl_sysdep_read_whole_file
0 41 3 3 6 1 1 9 0 0 3 1 0 0
fn=_dl_sysdep_start
0 483 16 15 128 19 17 41 5 5 105 23 18 14
fn=_dl_sysdep_start_cleanup
0 1 1 0 1 0 0 0 0 0 0 0 0 0
fn=_dl_unload_cache
0 10 2 1 3 1 0 2 0 0 1 1 0 0
fn=_dl_vdso_vsym
0 24 2 2 12 1 0 0 0 0 4 4 0 0
fn=_fxstat
0 60 2 2 6 0 0 0 0 0 12 0 0 0
fn=_init
0 60 5 5 14 2 0 18 4 3 4 2 0 0
fn=_int_malloc
0 37800005858 50 50 7475000744 6 3 5800001022 19 19 5450000692 125000149 2 2
fn=_setjmp
0 2 1 1 0 0 0 0 0 0 0 0 0 0
fn=_start
0 11 1 1 1 0 0 3 0 0 0 0 0 0
fn=access
0 9 1 1 1 0 0 1 0 0 1 1 0 0
fn=bcmp
0 1041 12 12 244 11 11 76 3 3 182 59 0 0
fn=brk
0 47 3 3 7 0 0 4 1 1 8 0 0 0
fn=call_init.part.0
0 155 4 4 58 4 0 28 0 0 17 3 4 4
fn=calloc
0 64 1 1 0 0 0 0 0 0 8 8 0 0
fn=check_match.isra.0
0 5560 7 6 1946 49 16 627 5 0 827 28 0 0
fn=close
0 15 1 1 3 0 0 0 0 0 3 0 0 0
fn=dl_main
0 1056 73 73 213 24 18 140 17 17 213 82 1 1
fn=do_lookup_x
0 27571 17 17 9625 207 135 4278 9 0 3991 299 0 0
fn=do_preload
0 28 3 3 7 0 0 8 0 0 1 1 0 0
fn=exit
0 4 1 1 0 0 0 1 0 0 0 0 0 0
fn=fclose@@GLIBC_2.2.5
0 65 8 8 26 2 0 9 0 0 15 8 1 1
fn=fopen@@GLIBC_2.2.5
0 2 1 1 0 0 0 0 0 0 0 0 0 0
fn=fread
0 52 6 6 18 0 0 7 0 0 10 5 0 0
fn=free
0 32300000616 15 15 8600000165 0 0 3425000069 0 0 7650000152 125000036 0 0
fn=fseek
0 78 4 4 30 0 0 8 0 0 16 10 0 0
fn=ftell
0 41 6 6 15 0 0 4 0 0 10 7 0 0
fn=gettimeofday
0 14 1 1 1 0 0 5 0 0 0 0 0 0
fn=handle_intel.isra.0
0 94 5 5 14 0 0 26 0 0 6 2 0 0
fn=index
0 163 5 5 21 2 2 0 0 0 12 4 0 0
fn=init_cacheinfo
0 147 8 8 6 0 0 12 1 1 24 8 0 0
fn=init_tls
0 65 4 4 14 0 0 13 1 1 12 6 0 0
fn=intel_check_word
0 904 10 10 82 6 6 16 0 0 236 57 0 0
fn=isatty
0 8 1 1 1 0 0 1 1 0 0 0 0 0
fn=lseek
0 4 1 1 2 0 0 0 0 0 2 0 0 0
fn=malloc
0 13200001221 4 4 4400000390 2 0 1200000107 0 0 2800000246 64 1 1
fn=malloc_consolidate
0 935 10 10 96 0 0 287 32 32 201 41 0 0
fn=malloc_hook_ini
0 38 4 4 12 3 1 5 0 0 8 6 0 0
fn=map_doit
0 14 1 1 5 0 0 3 0 0 0 0 0 0
fn=match_symbol
0 356 5 5 140 14 14 36 0 0 92 12 0 0
fn=memcpy
0 388 6 6 59 0 0 46 8 8 101 56 0 0
fn=memcpy@@GLIBC_2.14
0 10 2 2 4 2 0 0 0 0 3 2 0 0
fn=memcpy@GLIBC_2.2.5
0 17 2 2 4 0 0 0 0 0 3 0 0 0
fn=mempcpy
0 143 5 5 21 1 1 16 3 3 38 20 0 0
fn=memset
0 2510 1 1 11 0 0 2444 39 39 2455 54 0 0
fn=mmap
0 66 3 3 11 0 0 0 0 0 11 0 0 0
fn=mprotect
0 30 1 1 6 0 0 0 0 0 6 0 0 0
fn=munmap
0 10 0 0 2 0 0 0 0 0 2 0 0 0
fn=open
0 17 2 2 4 0 0 0 0 0 4 0 0 0
fn=open_verify
0 409 12 12 88 6 6 42 2 2 71 22 0 0
fn=openaux
0 34 2 2 16 0 0 6 0 0 0 0 0 0
fn=printf
0 5468841 4 4 781263 1 0 2604210 0 0 260421 12 0 0
fn=ptmalloc_init.part.8
0 385 7 7 126 40 1 15 4 2 117 21 0 0
fn=putchar
0 10416840 5 5 4947999 0 0 1302105 0 0 2343789 12 0 0
fn=read
0 12 2 2 3 0 0 0 0 0 3 0 0 0
fn=rindex
0 24 2 2 2 1 0 0 0 0 3 0 0 0
fn=rtld_lock_default_lock_recursive
0 10 1 1 10 2 1 0 0 0 0 0 0 0
fn=rtld_lock_default_unlock_recursive
0 10 0 0 10 1 0 0 0 0 0 0 0 0
fn=sbrk
0 69 4 4 20 2 0 11 0 0 13 4 0 0
fn=strcasecmp
0 7 2 2 3 1 1 1 0 0 2 1 0 0
fn=strchrnul
0 97656462 7 7 33854187 1 1 0 0 0 4817721 260440 0 0
fn=strcmp
0 12266 1 1 3686 40 19 0 0 0 3304 259 0 0
fn=strdup
0 34 1 1 4 0 0 8 0 0 2 0 0 0
fn=strlen
0 597 4 4 70 0 0 0 0 0 147 38 0 0
fn=strncasecmp
0 6 2 2 3 0 0 0 0 0 2 2 0 0
fn=strsep
0 800 2 2 250 0 0 1 0 0 248 15 0 0
fn=tcgetattr
0 15 3 3 2 0 0 1 0 0 1 1 0 0
fn=time
0 14 2 2 1 0 0 5 0 0 0 0 0 0
fn=uname
0 5 1 1 1 0 0 0 0 0 1 0 0 0
fn=version_check_doit
0 10 1 1 4 0 0 2 0 0 1 1 0 0
fn=vfprintf
0 25781678 11 11 9114735 5 0 5729263 5 0 4687577 112 260421 1
fn=write
0 124106 1 1 62053 0 0 0 0 0 62053 0 0 0
summary: 165474016379 1061 1047 60922493029 2528 2004 21983117463 691 634 20025484597 533944630 10202767734 2923312485
